Iteration max_z min_z max_grad min_grad
1 -1.36351e-42 -0.818107 10 0
2 -1.24018e-43 -0.0744106 1.81893 4.35196e-13
3 -1.13268e-44 -0.00679609 1.07482 4.27673e-10
4 0.00595471 -0.000644214 1.00686 4.26054e-07
5 0.751595 -0.019716 1.00072 0.000425174
6 0.22567 -0.0375831 1.09082 0.171941
7 0.0373843 -0.0322512 1.29541 0.450239
8 0.0156328 -0.0237176 1.30659 0.540747
9 0.00978715 -0.0179491 1.25883 0.552823
10 0.00733178 -0.0155714 1.21467 0.536736
11 0.00635763 -0.0114863 1.19435 0.503378
12 0.00573793 -0.00943548 1.18981 0.478529
13 0.00574499 -0.00920263 1.17704 0.464646
14 0.00583428 -0.00824771 1.15977 0.464785
15 0.00576564 -0.00825413 1.14089 0.485234
16 0.00557275 -0.00940748 1.12253 0.535897
17 0.0052886 -0.00856009 1.10979 0.618157
18 0.00494201 -0.00599556 1.10387 0.668235
19 0.00454883 -0.0033932 1.0979 0.663574
20 0.00412756 -0.00222707 1.09198 0.660539
21 0.00370328 -0.00201826 1.08615 0.659006
22 0.00329831 -0.00182847 1.09102 0.658638
23 0.00292701 -0.00165708 1.09266 0.659107
24 0.00259608 -0.00150348 1.09378 0.660166
25 0.00230677 -0.00139063 1.09432 0.661648
26 0.00205703 -0.00130911 1.0958 0.663452
27 0.0018431 -0.00123741 1.09928 0.665519
28 0.00166062 -0.00123093 1.10248 0.667816
29 0.00150521 -0.00120586 1.10536 0.670333
30 0.00137281 -0.00116644 1.1079 0.673069
31 0.00125985 -0.00111657 1.1101 0.67603
32 0.00116322 -0.00105969 1.11196 0.679226
33 0.00108031 -0.000998738 1.11351 0.682632
34 0.00100892 -0.00093609 1.11477 0.681409
35 0.00095737 -0.000902996 1.11576 0.680667
36 0.000934911 -0.000942038 1.11653 0.680332
37 0.000911904 -0.000974933 1.1171 0.680338
38 0.000888634 -0.00100129 1.1175 0.680623
39 0.00086533 -0.00102082 1.11789 0.681137
40 0.000842172 -0.00103339 1.12049 0.681835
41 0.000819299 -0.00103903 1.12325 0.68268
42 0.000796815 -0.00103792 1.12922 0.683645
43 0.0007748 -0.00103039 1.1347 0.684703
44 0.00075331 -0.00101695 1.13972 0.685838
45 0.000732385 -0.0009982 1.14429 0.687034
46 0.00071205 -0.000974831 1.14846 0.68828
47 0.000692322 -0.000947596 1.15224 0.689569
48 0.00067321 -0.000917262 1.15567 0.690894
49 0.000654716 -0.000884582 1.15878 0.692251
50 0.000640041 -0.00085027 1.16159 0.693636
51 0.000633711 -0.000814975 1.16413 0.695046
52 0.000627661 -0.000779271 1.16641 0.696481
53 0.000621844 -0.000743651 1.16847 0.697938
54 0.000616219 -0.000708519 1.17031 0.699416
55 0.000610745 -0.0006742 1.17195 0.700914
56 0.00060539 -0.00064094 1.17341 0.702433
57 0.000600126 -0.000608918 1.17471 0.703969
58 0.000594929 -0.000578256 1.17586 0.705524
59 0.000589782 -0.000549026 1.17687 0.707096
60 0.00058467 -0.000521258 1.17774 0.708684
61 0.000579584 -0.000495974 1.17849 0.710289
62 0.000574519 -0.000485242 1.17914 0.711908
63 0.000569472 -0.00047438 1.17967 0.711303
64 0.000564443 -0.000463433 1.18011 0.710205
65 0.000561063 -0.000452437 1.18045 0.709166
66 0.000557793 -0.00044142 1.18071 0.708183
67 0.000554529 -0.000430407 1.18089 0.707259
68 0.000551265 -0.000419416 1.18099 0.706391
69 0.000547999 -0.000408462 1.18101 0.705581
70 0.000544727 -0.000397556 1.18097 0.704828
71 0.000541452 -0.000386708 1.18085 0.704132
72 0.000538176 -0.000375925 1.18067 0.703492
73 0.000534902 -0.000365212 1.18043 0.702909
74 0.000531634 -0.000354574 1.18013 0.702381
75 0.000528379 -0.000358285 1.17978 0.701909
76 0.000525144 -0.000364577 1.17936 0.701493
77 0.000521934 -0.000370877 1.17889 0.70113
78 0.000518758 -0.000377204 1.17837 0.700821
79 0.000515624 -0.000383577 1.17779 0.700565
80 0.000512539 -0.000390013 1.17717 0.700361
81 0.000509511 -0.000396528 1.17649 0.700209
82 0.000506548 -0.000403139 1.17576 0.700106
83 0.000503657 -0.000409861 1.17499 0.700054
84 0.000500845 -0.000416708 1.17416 0.700049
85 0.000498118 -0.000423695 1.17329 0.700091
86 0.000495484 -0.000430835 1.17237 0.70018
87 0.000492948 -0.000438141 1.1714 0.700313
88 0.000490515 -0.000445627 1.17038 0.70049
89 0.000488189 -0.000453305 1.16931 0.700709
90 0.000485974 -0.000461186 1.1682 0.70097
91 0.000483874 -0.000469282 1.16703 0.701271
92 0.000481892 -0.000477603 1.16582 0.70161
93 0.000480029 -0.00048616 1.16455 0.701986
94 0.000478287 -0.000494963 1.16324 0.702399
95 0.000476668 -0.00050402 1.16188 0.702847
96 0.000475171 -0.000513339 1.16046 0.703328
97 0.000473796 -0.000522928 1.159 0.703842
98 0.000472543 -0.000532794 1.15748 0.704388
99 0.000471411 -0.000542941 1.15591 0.704963
100 0.000470398 -0.000553374 1.15428 0.705568
101 0.000469503 -0.000564094 1.1526 0.7062
102 0.000468723 -0.000575103 1.15087 0.70686
103 0.000468057 -0.000586399 1.14907 0.707546
104 0.0004675 -0.000597979 1.14723 0.708256
105 0.000467052 -0.000609836 1.14532 0.708991
106 0.000466707 -0.000621962 1.14336 0.709748
107 0.000466465 -0.000634345 1.14134 0.710528
108 0.000466321 -0.000646969 1.13926 0.711329
109 0.000466272 -0.000659814 1.13712 0.712151
110 0.000466316 -0.000672857 1.13492 0.712993
111 0.00046645 -0.000686069 1.13266 0.713854
112 0.000468131 -0.000699416 1.13034 0.714734
113 0.000470078 -0.000712859 1.12796 0.715631
114 0.000471551 -0.000726352 1.12603 0.716546
115 0.000473546 -0.000739845 1.12643 0.717477
116 0.000476705 -0.000753279 1.12681 0.718424
117 0.000479862 -0.000766591 1.12716 0.719387
118 0.000483016 -0.000779708 1.12749 0.720365
119 0.000486164 -0.000792553 1.12781 0.721358
120 0.000489307 -0.000805042 1.12809 0.722365
121 0.000492441 -0.000817084 1.12836 0.723386
122 0.000495566 -0.000828584 1.12861 0.72442
123 0.000498681 -0.000839442 1.12884 0.725467
124 0.000501785 -0.000849552 1.12905 0.726526
125 0.000504876 -0.000858809 1.12923 0.727599
126 0.000507953 -0.000867106 1.1294 0.728683
127 0.000511014 -0.000874336 1.12956 0.729779
128 0.000514057 -0.000880396 1.12969 0.730886
129 0.000517081 -0.000885186 1.12981 0.732004
130 0.000520082 -0.000888615 1.12991 0.733134
131 0.000523058 -0.000890599 1.12999 0.734274
132 0.000526006 -0.000891068 1.13006 0.735424
133 0.00052892 -0.000889963 1.13011 0.736585
134 0.000531937 -0.00088724 1.13015 0.737756
135 0.000535421 -0.000882873 1.13017 0.738936
136 0.000538861 -0.000876853 1.13018 0.740126
137 0.000542252 -0.000869189 1.13017 0.741325
138 0.000545588 -0.00085991 1.13015 0.742533
139 0.000548864 -0.000849061 1.13012 0.743749
140 0.000552074 -0.000836709 1.13007 0.744975
141 0.000555212 -0.000822933 1.13002 0.746208
142 0.000558272 -0.00080783 1.12995 0.747449
143 0.000561247 -0.000791508 1.12986 0.748698
144 0.000564133 -0.000774089 1.12977 0.749955
145 0.000566923 -0.0007557 1.12967 0.751218
146 0.000569612 -0.000736476 1.12955 0.752488
147 0.000572196 -0.000716554 1.12943 0.753765
148 0.000574669 -0.000696073 1.12929 0.755048
149 0.000577027 -0.000675169 1.12915 0.756336
150 0.000579266 -0.000653976 1.129 0.75763
151 0.000581384 -0.000632621 1.12883 0.758929
152 0.000583377 -0.000611224 1.12866 0.760233
153 0.000585243 -0.000589898 1.12849 0.761541
154 0.000586979 -0.000568745 1.1283 0.762854
155 0.000588584 -0.000547857 1.12811 0.76417
156 0.000590056 -0.000527316 1.1279 0.765489
157 0.000591396 -0.000507195 1.1277 0.766812
158 0.000592602 -0.000487553 1.12748 0.768137
159 0.000593674 -0.000468442 1.12726 0.769464
160 0.000594612 -0.000449903 1.12703 0.770793
161 0.000595416 -0.000431967 1.1268 0.772124
162 0.000596088 -0.00041466 1.12656 0.773456
163 0.000596628 -0.000397996 1.12632 0.774789
164 0.000597037 -0.000396509 1.12607 0.776123
165 0.000597316 -0.000395761 1.12582 0.777457
166 0.000597467 -0.000394917 1.12556 0.778791
167 0.000597492 -0.000393953 1.1253 0.779237
168 0.000597391 -0.000392842 1.12504 0.778859
169 0.000597168 -0.000391557 1.12477 0.778476
170 0.000596823 -0.000390067 1.1245 0.778088
171 0.000596359 -0.000388345 1.12423 0.777694
172 0.000595779 -0.000386359 1.12395 0.777295
173 0.000595083 -0.00038408 1.12367 0.776891
174 0.000594275 -0.000381479 1.12339 0.776483
175 0.000593357 -0.000378528 1.1231 0.77607
176 0.00059233 -0.000375202 1.12282 0.775653
177 0.000591198 -0.000371476 1.12253 0.775232
178 0.000589963 -0.000367328 1.12224 0.774807
179 0.000588627 -0.000362741 1.12194 0.774379
180 0.000587192 -0.000357699 1.12165 0.773947
181 0.00058566 -0.000352192 1.12135 0.773513
182 0.000584035 -0.000346214 1.12106 0.773076
183 0.000582318 -0.000339761 1.12076 0.772636
184 0.000580512 -0.000332837 1.12046 0.772194
185 0.000578619 -0.000325449 1.12016 0.771749
186 0.000576641 -0.000317608 1.11986 0.771303
187 0.000574582 -0.000309332 1.11956 0.770855
188 0.000572618 -0.00030064 1.11926 0.770406
189 0.000570878 -0.000291558 1.11896 0.769956
190 0.000569067 -0.000282114 1.11865 0.769504
191 0.000567189 -0.000272341 1.11835 0.769052
192 0.000565246 -0.000262274 1.11805 0.768599
193 0.00056324 -0.000251948 1.11774 0.768146
194 0.000561174 -0.000241405 1.11744 0.767693
195 0.000559052 -0.000230683 1.11714 0.767239
196 0.000557121 -0.000219824 1.11683 0.766787
197 0.000556592 -0.000208868 1.11653 0.766335
198 0.000555979 -0.000202889 1.11622 0.765883
199 0.000555285 -0.000200127 1.11592 0.765433
200 0.000554512 -0.00019738 1.11561 0.764984
201 0.000553662 -0.000194646 1.11531 0.764536
202 0.000552738 -0.000191927 1.115 0.76409
203 0.000551744 -0.000189223 1.1147 0.763646
204 0.000550681 -0.000186535 1.1144 0.763204
205 0.000549554 -0.000183861 1.11409 0.762764
206 0.000548366 -0.000181204 1.11379 0.762327
207 0.00054712 -0.000178561 1.11348 0.761893
208 0.000545821 -0.000175935 1.11318 0.761462
209 0.000544472 -0.000173324 1.11287 0.761034
210 0.000543076 -0.000170728 1.11257 0.760609
211 0.000541639 -0.000168148 1.11226 0.760188
212 0.000540162 -0.000165584 1.11196 0.759771
213 0.000538652 -0.000163036 1.11165 0.759358
214 0.000537111 -0.000160504 1.11134 0.758949
215 0.000535543 -0.000157988 1.11104 0.758545
216 0.000533953 -0.000155488 1.11073 0.758145
217 0.000532344 -0.000153005 1.11042 0.757751
218 0.00053072 -0.000150538 1.11012 0.757362
219 0.000529085 -0.000148088 1.10981 0.756978
220 0.000527442 -0.000145655 1.1095 0.756599
221 0.000525796 -0.000143238 1.10919 0.756227
222 0.00052415 -0.000140839 1.10888 0.75586
223 0.000522508 -0.000138458 1.10857 0.7555
224 0.000520872 -0.000136094 1.10826 0.755147
225 0.000519247 -0.000133748 1.10794 0.7548
226 0.000517636 -0.000131419 1.10763 0.754461
227 0.000516042 -0.000129109 1.10732 0.754128
228 0.000514469 -0.000126816 1.107 0.753803
229 0.00051292 -0.000124542 1.10668 0.753486
230 0.000511397 -0.000122286 1.10688 0.753178
231 0.000509904 -0.000120047 1.10713 0.752877
232 0.000508445 -0.000117827 1.1074 0.752585
233 0.000507022 -0.000115625 1.10766 0.752302
234 0.000505637 -0.00011344 1.10793 0.752029
235 0.000504296 -0.000111513 1.1082 0.751765
236 0.000502999 -0.000110065 1.10847 0.751511
237 0.00050175 -0.000108607 1.10875 0.751267
238 0.000500552 -0.000107138 1.10903 0.751034
239 0.000499407 -0.000105659 1.10931 0.750812
240 0.000498319 -0.000105369 1.10959 0.750601
241 0.00049729 -0.000106008 1.10988 0.750402
242 0.000496324 -0.000106647 1.11017 0.750215
243 0.000495421 -0.000107284 1.11045 0.75004
244 0.000494587 -0.000107922 1.11075 0.749879
245 0.000493822 -0.00010856 1.11104 0.749719
246 0.00049313 -0.000109199 1.11134 0.749497
247 0.000492512 -0.000109839 1.11163 0.749291
248 0.000491973 -0.000110482 1.11193 0.749101
249 0.000491513 -0.000111126 1.11223 0.748928
250 0.000491135 -0.000111773 1.11254 0.748772
251 0.000490842 -0.000112424 1.11284 0.748634
252 0.000490635 -0.000113078 1.11314 0.748516
253 0.000490517 -0.000113737 1.11345 0.748416
254 0.000490489 -0.000114401 1.11376 0.748338
255 0.000490553 -0.00011507 1.11407 0.74828
256 0.00049071 -0.000115745 1.11438 0.748245
257 0.000490962 -0.000116852 1.11469 0.748232
258 0.000491311 -0.000118412 1.11501 0.748244
259 0.000491756 -0.000119924 1.11532 0.74828
260 0.000492298 -0.000121379 1.11563 0.748342
261 0.000492938 -0.00012277 1.11595 0.74843
262 0.000493676 -0.000124087 1.11627 0.748547
263 0.000494511 -0.000125323 1.11659 0.748692
264 0.000495443 -0.000126466 1.1169 0.748867
265 0.000496471 -0.000127508 1.11722 0.749073
266 0.000497593 -0.000128436 1.11754 0.749311
267 0.000498807 -0.00012924 1.11787 0.749583
268 0.000500111 -0.000129908 1.11819 0.749888
269 0.000504679 -0.000130429 1.11851 0.750229
270 0.000510844 -0.00013079 1.11883 0.750607
271 0.000516998 -0.000130979 1.11915 0.751022
272 0.000523125 -0.000130982 1.11948 0.751475
273 0.000529208 -0.000130788 1.1198 0.751969
274 0.000535227 -0.000130385 1.12012 0.752503
275 0.000541162 -0.000130604 1.12045 0.753079
276 0.000546991 -0.000131549 1.12077 0.753697
277 0.000552691 -0.000132518 1.1211 0.754359
278 0.00055824 -0.000133509 1.12142 0.755065
279 0.000563612 -0.000134525 1.12174 0.755816
280 0.000568782 -0.000135566 1.12207 0.756612
281 0.000573724 -0.000136633 1.12239 0.757454
282 0.000578413 -0.000137726 1.12271 0.758342
283 0.000582823 -0.000138846 1.12304 0.759277
284 0.000586927 -0.000139992 1.12336 0.760258
285 0.0005907 -0.000141167 1.12368 0.761285
286 0.000594119 -0.000142368 1.124 0.762359
287 0.00059716 -0.000143598 1.12432 0.763478
288 0.000599801 -0.000144855 1.12464 0.764641
289 0.000602023 -0.000146139 1.12496 0.765849
290 0.000603809 -0.00014745 1.12527 0.767101
291 0.000605142 -0.000148787 1.12559 0.768394
292 0.00060601 -0.000150149 1.1259 0.769728
293 0.000606405 -0.000151537 1.12622 0.771101
294 0.000606319 -0.000152948 1.12653 0.772512
295 0.00060575 -0.000154382 1.12684 0.77396
296 0.000604699 -0.000155838 1.12715 0.775441
297 0.000603168 -0.000157314 1.12745 0.776955
298 0.000601167 -0.000158809 1.12776 0.778498
299 0.000598705 -0.000160322 1.12806 0.78007
300 0.000595797 -0.000161852 1.12836 0.781668
301 0.000592461 -0.000163396 1.12865 0.783289
302 0.000588717 -0.000164955 1.12895 0.784932
303 0.000584588 -0.000166526 1.12924 0.786594
304 0.0005801 -0.000168109 1.12952 0.788274
305 0.00057528 -0.000169703 1.12981 0.789968
306 0.000570159 -0.000171306 1.13009 0.791676
307 0.000564766 -0.000172918 1.13036 0.793395
308 0.000559134 -0.000174538 1.13063 0.795123
309 0.000556974 -0.000176166 1.1309 0.79485
310 0.000557042 -0.000177801 1.13116 0.792313
311 0.000557069 -0.000179443 1.13142 0.789812
312 0.000557063 -0.000181093 1.13167 0.787349
313 0.000557032 -0.00018275 1.13191 0.784925
314 0.000556984 -0.000184415 1.13215 0.78254
315 0.000556927 -0.000186089 1.13238 0.780196
316 0.000556872 -0.000187771 1.13261 0.777891
317 0.000556825 -0.000189463 1.13283 0.775628
318 0.000558274 -0.000191167 1.13304 0.773405
319 0.000561869 -0.000192882 1.13324 0.771224
320 0.000565566 -0.000194611 1.13344 0.769085
321 0.000569397 -0.000196355 1.13363 0.766987
322 0.000573395 -0.000198116 1.1338 0.764931
323 0.000577593 -0.000200861 1.13397 0.762917
324 0.000582024 -0.000204764 1.13413 0.760944
325 0.000586724 -0.000208766 1.13428 0.759014
326 0.000591727 -0.000212872 1.13441 0.757125
327 0.000597069 -0.000217086 1.13454 0.755279
328 0.000602784 -0.000221415 1.13465 0.753475
329 0.00060891 -0.000225863 1.13475 0.751713
330 0.000615484 -0.000230437 1.13484 0.749995
331 0.000622544 -0.000235143 1.13491 0.74832
332 0.00063013 -0.000239988 1.13497 0.74669
333 0.00063828 -0.000244979 1.13502 0.745105
334 0.000647037 -0.000250123 1.13504 0.743567
335 0.000656442 -0.000255428 1.13506 0.742076
336 0.00066654 -0.000260903 1.13505 0.740634
337 0.000677374 -0.000266556 1.13503 0.739244
338 0.000688991 -0.000272397 1.13499 0.737907
339 0.000701437 -0.000278436 1.13493 0.736627
340 0.000714758 -0.000284683 1.13485 0.735406
341 0.000729003 -0.000291149 1.13475 0.734248
342 0.000744218 -0.000297847 1.13463 0.733157
343 0.000760449 -0.000304789 1.13453 0.732138
344 0.000777739 -0.000311988 1.13441 0.731197
345 0.00079613 -0.000319458 1.13426 0.73034
346 0.000815655 -0.000327216 1.13408 0.729573
347 0.000836342 -0.000335277 1.13388 0.728906
348 0.000858209 -0.000343658 1.13365 0.728347
349 0.000881258 -0.000352378 1.13339 0.727907
350 0.000905477 -0.000361457 1.13311 0.727597
351 0.000930829 -0.000370915 1.13279 0.72743
352 0.000957251 -0.000380775 1.13243 0.72742
353 0.000984643 -0.000391062 1.13205 0.727583
354 0.00101287 -0.0004018 1.13162 0.727935
355 0.00104174 -0.000413017 1.13116 0.728495
356 0.00107101 -0.000424742 1.13066 0.729282
357 0.00110037 -0.000437005 1.13012 0.730316
358 0.00112944 -0.000449839 1.12953 0.73162
359 0.00115778 -0.000463277 1.1289 0.733212
360 0.00118486 -0.000477356 1.12822 0.735115
361 0.00121007 -0.000492112 1.12748 0.737347
362 0.00123276 -0.000507584 1.1267 0.739926
363 0.00125221 -0.000523809 1.12586 0.742864
364 0.00126771 -0.000540826 1.12496 0.746172
365 0.00127852 -0.000558676 1.124 0.749853
366 0.00128397 -0.000577394 1.12298 0.753904
367 0.00128349 -0.000597017 1.12189 0.758313
368 0.00127661 -0.000617579 1.12073 0.763061
369 0.00126307 -0.000639111 1.11949 0.76812
370 0.00124278 -0.000661639 1.11818 0.773454
371 0.00121591 -0.000685185 1.11678 0.77902
372 0.00118283 -0.000709766 1.11531 0.784766
373 0.00114413 -0.000735392 1.11374 0.790641
374 0.00110057 -0.000762063 1.11208 0.796588
375 0.00105308 -0.000789772 1.11033 0.802551
376 0.00100264 -0.000818497 1.10847 0.808478
377 0.000950288 -0.000848203 1.10652 0.81432
378 0.000897021 -0.000878837 1.10446 0.818237
379 0.000843778 -0.000910321 1.10229 0.819514
380 0.000791393 -0.000942554 1.10002 0.820939
381 0.000775033 -0.000975403 1.09764 0.822525
382 0.000758268 -0.0010087 1.09514 0.824283
383 0.000741197 -0.00104223 1.09254 0.826226
384 0.000726366 -0.00107574 1.08983 0.828364
385 0.000720494 -0.00110892 1.08701 0.830709
386 0.00071445 -0.00114143 1.0841 0.833272
387 0.00070827 -0.00117286 1.08109 0.836062
388 0.000701981 -0.00120274 1.078 0.839087
389 0.000695608 -0.00123059 1.07483 0.842353
390 0.000689169 -0.00125586 1.0716 0.845861
391 0.000682678 -0.00127801 1.06832 0.849613
392 0.000676146 -0.00129646 1.0666 0.853603
393 0.000669581 -0.00131068 1.06628 0.857825
394 0.000662988 -0.00132014 1.06583 0.862263
395 0.000656369 -0.00132442 1.06525 0.866902
396 0.000649726 -0.00132315 1.06455 0.871719
397 0.000643057 -0.00131608 1.06373 0.876687
398 0.000636361 -0.0013031 1.06278 0.881775
399 0.000629634 -0.00128424 1.06171 0.886949
400 0.000622876 -0.00125968 1.06053 0.892172
401 0.000616082 -0.00122973 1.05925 0.897408
402 0.000609252 -0.00119485 1.05787 0.901427
403 0.000602385 -0.00115561 1.05642 0.903306
404 0.000595482 -0.00111266 1.0549 0.905127
405 0.000588545 -0.00106673 1.05332 0.906894
406 0.000581578 -0.00101857 1.05171 0.90861
407 0.000574588 -0.000968902 1.05039 0.910278
408 0.00056758 -0.000918459 1.05014 0.911901
409 0.000560563 -0.000867903 1.04988 0.91348
410 0.000553547 -0.000817833 1.04961 0.915017
411 0.00054654 -0.000768765 1.04934 0.916515
412 0.000539552 -0.000721132 1.04907 0.917974
413 0.000532594 -0.000675282 1.04879 0.919398
414 0.000525673 -0.000631477 1.04851 0.920786
415 0.000518799 -0.000589903 1.04823 0.922141
416 0.000511978 -0.000550674 1.04794 0.923464
417 0.000505218 -0.000513847 1.04765 0.924756
418 0.000498523 -0.000479427 1.04736 0.926019
419 0.000491899 -0.000447378 1.04707 0.927253
420 0.000485349 -0.000417632 1.04678 0.928459
421 0.000478876 -0.000390096 1.04648 0.929639
422 0.00047248 -0.000364662 1.04619 0.930794
423 0.000466164 -0.000341209 1.04589 0.931924
424 0.000459928 -0.000319612 1.04559 0.933031
425 0.000453771 -0.000299742 1.0453 0.934116
426 0.000447693 -0.000281471 1.045 0.935178
427 0.000441692 -0.000264677 1.0447 0.93622
428 0.000435768 -0.000249239 1.04441 0.937241
429 0.000429919 -0.000235046 1.04411 0.938243
430 0.000424143 -0.00022199 1.04382 0.939226
431 0.000418438 -0.000209973 1.04353 0.940191
432 0.000412804 -0.000198904 1.04323 0.941138
433 0.000407237 -0.000188698 1.04294 0.942068
434 0.000401736 -0.000179278 1.04265 0.942982
435 0.000396299 -0.000170572 1.04237 0.943881
436 0.000390925 -0.000162518 1.04208 0.944764
437 0.000385612 -0.000155055 1.0418 0.945632
438 0.000380358 -0.000148131 1.04151 0.946485
439 0.000375163 -0.000141699 1.04123 0.947325
440 0.000370023 -0.000135713 1.04095 0.948151
441 0.000364939 -0.000130137 1.04068 0.948964
442 0.000359909 -0.000124932 1.0404 0.949764
443 0.000354932 -0.000120069 1.04013 0.950551
444 0.000350007 -0.000115517 1.03985 0.951326
445 0.000345132 -0.000111251 1.03958 0.95209
446 0.000340307 -0.000107246 1.03932 0.952842
447 0.000335531 -0.000103482 1.03905 0.953582
448 0.000330804 -9.99398e-05 1.03879 0.954312
449 0.000326123 -9.66009e-05 1.03853 0.95503
450 0.00032149 -9.34499e-05 1.03827 0.955738
451 0.000316903 -9.04724e-05 1.03801 0.956436
452 0.000312361 -8.8997e-05 1.03775 0.957123
453 0.000307865 -8.9485e-05 1.0375 0.957801
454 0.000303413 -8.99126e-05 1.03725 0.958469
455 0.000299006 -9.02827e-05 1.037 0.959127
456 0.000294642 -9.0598e-05 1.03675 0.959776
457 0.000290322 -9.0861e-05 1.03651 0.960415
458 0.000286044 -9.10743e-05 1.03626 0.961045
459 0.00028181 -9.124e-05 1.03602 0.961667
460 0.000277618 -9.13605e-05 1.03578 0.962279
461 0.000273468 -9.14379e-05 1.03555 0.962883
462 0.000269361 -9.14743e-05 1.03531 0.963478
463 0.000265295 -9.14715e-05 1.03508 0.964065
464 0.000261271 -9.14314e-05 1.03485 0.964643
465 0.000257288 -9.13559e-05 1.03462 0.965213
466 0.000253346 -9.12467e-05 1.03439 0.965775
467 0.000249446 -9.11053e-05 1.03417 0.966329
468 0.000245587 -9.09334e-05 1.03401 0.966875
469 0.000241769 -9.07324e-05 1.03387 0.967413
470 0.000237991 -9.05038e-05 1.03374 0.967944
471 0.000234254 -9.02489e-05 1.0336 0.96832
472 0.000230558 -8.99692e-05 1.03347 0.968467
473 0.000226902 -8.96658e-05 1.03333 0.968613
474 0.000223287 -8.93399e-05 1.0332 0.968759
475 0.000219712 -8.89928e-05 1.03306 0.968904
476 0.000216178 -8.86255e-05 1.03293 0.969048
477 0.000212683 -8.8239e-05 1.03279 0.969192
478 0.000209229 -8.78346e-05 1.03266 0.969334
479 0.000205815 -8.7413e-05 1.03253 0.969476
480 0.000202441 -8.69752e-05 1.0324 0.969617
481 0.000199214 -8.65222e-05 1.03226 0.969758
482 0.000197853 -8.60549e-05 1.03213 0.969897
