Iteration max_z min_z max_grad min_grad
1 0.205275 -0.183331 31.7866 0.687946
2 0.172838 -0.154687 27.5362 0.602171
3 0.144445 -0.129567 26.8828 0.531205
4 0.120602 -0.10849 26.3729 0.472672
5 0.100753 -0.0909468 25.9736 0.424582
6 0.0842906 -0.0763823 25.6593 0.385293
7 0.0706573 -0.0643299 25.4105 0.353456
8 0.059393 -0.0544018 25.2122 0.327956
9 0.050111 -0.046289 25.0532 0.307876
10 0.0424958 -0.0397344 24.9246 0.292453
11 0.0362994 -0.0344835 24.8199 0.281061
12 0.031308 -0.0302297 24.7339 0.273191
13 0.0273323 -0.0266893 24.6625 0.0456481
14 0.0256514 -0.0237026 24.6023 0.154128
15 0.0224778 -0.0210531 24.5507 0.266973
16 0.0212901 -0.0185712 24.506 0.262744
17 0.0192894 -0.0162538 24.4671 0.201848
18 0.0171177 -0.0141477 24.433 0.114755
19 0.0151432 -0.012286 24.4031 0.125195
20 0.013369 -0.0106666 24.3769 0.183698
21 0.011772 -0.00927087 24.354 0.190399
22 0.0103449 -0.00806791 24.3341 0.182257
23 0.00907653 -0.00703397 24.3167 0.175746
24 0.00795618 -0.00614666 24.3016 0.170846
25 0.00697197 -0.00538597 24.2885 0.167616
26 0.0061112 -0.00484225 24.2771 0.166184
27 0.00536098 -0.00455015 24.2672 0.166731
28 0.00502851 -0.00429264 24.2586 0.169466
29 0.00487639 -0.00411115 24.2512 0.174593
30 0.00477055 -0.00394306 24.2447 0.182264
31 0.00471753 -0.00377876 24.2391 0.184315
32 0.00472002 -0.00380638 24.2343 0.176442
33 0.00476235 -0.00390296 24.2301 0.174473
34 0.0048024 -0.0040779 24.2264 0.182719
35 0.00479416 -0.00431811 24.2233 0.200134
36 0.00471712 -0.00457259 24.2206 0.188764
37 0.00457487 -0.00476911 24.2183 0.173267
38 0.00438042 -0.00485649 24.2163 0.161236
39 0.00414868 -0.00482455 24.2146 0.153408
40 0.00389378 -0.00469257 24.2131 0.150294
41 0.0036277 -0.00449025 24.2119 0.151926
42 0.00335986 -0.00424525 24.2108 0.157746
43 0.00309715 -0.00397851 24.2099 0.166759
44 0.00284433 -0.00370448 24.2091 0.177867
45 0.00260448 -0.00343268 24.2085 0.190135
46 0.00237943 -0.0031692 24.2079 0.202895
47 0.00217006 -0.00307909 24.2074 0.215716
48 0.00204021 -0.00304686 24.207 0.228337
49 0.00199458 -0.00300481 24.2067 0.240609
50 0.00195938 -0.00295321 24.2064 0.252451
51 0.00191815 -0.0028927 24.2062 0.263827
52 0.00187114 -0.00282415 24.206 0.274725
53 0.00181883 -0.00274864 24.2059 0.285149
54 0.00176181 -0.00266732 24.2057 0.29511
55 0.00170079 -0.00258136 24.2056 0.304623
56 0.00163656 -0.00249187 24.2056 0.31004
57 0.00156989 -0.00239992 24.2055 0.309519
58 0.00150157 -0.00230645 24.2055 0.309183
59 0.00143235 -0.00221234 24.2054 0.309032
60 0.00136293 -0.0021183 24.2054 0.309062
61 0.00129393 -0.002025 24.2054 0.309273
62 0.00122588 -0.00193296 24.2054 0.309666
63 0.00115928 -0.00184262 24.2054 0.310241
64 0.00109903 -0.00175436 24.2054 0.310999
65 0.00107975 -0.00166847 24.2054 0.311943
66 0.00106264 -0.00158517 24.2055 0.313075
67 0.0010458 -0.00150463 24.2055 0.314398
68 0.00102926 -0.00142698 24.2055 0.315916
69 0.00101304 -0.00135229 24.2055 0.317632
70 0.000997154 -0.00128061 24.2055 0.319549
71 0.00098162 -0.00121195 24.2055 0.321672
72 0.000966448 -0.0011463 24.2055 0.324003
73 0.000951647 -0.00108814 24.2055 0.326547
74 0.000937224 -0.00107244 24.2055 0.329305
75 0.000923186 -0.00105569 24.2056 0.332281
76 0.00090954 -0.00103806 24.2056 0.335477
77 0.000896292 -0.00101974 24.2056 0.338894
78 0.000883445 -0.00100086 24.2055 0.342533
79 0.000876592 -0.000981575 24.2055 0.346394
80 0.000873868 -0.000961999 24.2055 0.350476
81 0.000871044 -0.000942245 24.2055 0.354778
82 0.00086806 -0.000922409 24.2055 0.357337
83 0.000864854 -0.000902577 24.2055 0.353633
84 0.000861363 -0.000882825 24.2055 0.34996
85 0.000857526 -0.000863217 24.2055 0.34632
86 0.000853283 -0.000843811 24.2055 0.342712
87 0.000848577 -0.000824655 24.2054 0.339138
88 0.000843353 -0.000815438 24.2054 0.335597
89 0.000837562 -0.000808916 24.2054 0.332091
90 0.000831158 -0.000802093 24.2054 0.328619
91 0.000824103 -0.000795003 24.2054 0.325183
92 0.000821256 -0.000787677 24.2053 0.321783
93 0.000821632 -0.000780146 24.2053 0.318419
94 0.000821589 -0.000772439 24.2053 0.315091
95 0.000821129 -0.000764585 24.2053 0.311802
96 0.000820257 -0.000760822 24.2052 0.308549
97 0.000818977 -0.00078601 24.2052 0.305335
98 0.000817297 -0.000809655 24.2052 0.30216
99 0.000815225 -0.00083161 24.2051 0.299024
100 0.000812771 -0.000851753 24.2051 0.295927
101 0.000809944 -0.000869992 24.2051 0.292871
102 0.000806757 -0.000886262 24.2051 0.289855
103 0.00080322 -0.000900524 24.205 0.286881
104 0.000799345 -0.000912766 24.205 0.283948
105 0.000795144 -0.000922999 24.205 0.281058
106 0.000790631 -0.00093125 24.205 0.278211
107 0.000785817 -0.000937569 24.205 0.275408
108 0.000780716 -0.000942016 24.2049 0.272649
109 0.00077534 -0.000944666 24.2049 0.269936
110 0.0007697 -0.000945602 24.2049 0.267269
111 0.00076381 -0.000944916 24.2049 0.26465
112 0.000757682 -0.000942704 24.2049 0.262079
113 0.000751326 -0.000939066 24.2048 0.259559
114 0.000744756 -0.000934104 24.2048 0.25709
115 0.000737981 -0.000927921 24.2048 0.254675
116 0.000731013 -0.000920619 24.2048 0.252315
117 0.000723863 -0.000912299 24.2048 0.250012
118 0.000716541 -0.000903059 24.2048 0.24777
119 0.000709057 -0.000892996 24.2047 0.245591
120 0.000701422 -0.0008822 24.2047 0.243477
121 0.000693644 -0.000870759 24.2047 0.241434
122 0.000685734 -0.000858758 24.2047 0.239465
123 0.0006777 -0.000846274 24.2047 0.237574
124 0.000669551 -0.000833382 24.2047 0.235767
125 0.000661296 -0.000820152 24.2047 0.23405
126 0.000658158 -0.000806648 24.2047 0.23243
127 0.000657465 -0.00079293 24.2047 0.230914
128 0.000656708 -0.000779054 24.2047 0.22951
129 0.00065587 -0.00076507 24.2046 0.228229
130 0.000654936 -0.000751026 24.2046 0.227081
131 0.000653892 -0.000736963 24.2046 0.226078
132 0.000652721 -0.000722922 24.2046 0.225233
133 0.000651409 -0.000708936 24.2046 0.22456
134 0.000649945 -0.000695037 24.2046 0.224076
135 0.000648314 -0.000681254 24.2046 0.223797
136 0.000646505 -0.000667611 24.2046 0.223744
137 0.00064451 -0.000654131 24.2046 0.223935
138 0.000642318 -0.000640833 24.2046 0.224392
139 0.000639922 -0.000627735 24.2046 0.225137
140 0.000637318 -0.00061485 24.2046 0.226194
141 0.000634502 -0.000602192 24.2046 0.227585
142 0.000631472 -0.000589769 24.2046 0.229333
143 0.000628228 -0.000577591 24.2046 0.23146
144 0.000624771 -0.000577062 24.2046 0.233986
145 0.000621106 -0.000576471 24.2046 0.236929
146 0.000617236 -0.000575557 24.2046 0.240304
147 0.000613166 -0.000575501 24.2046 0.244122
148 0.000608903 -0.000584461 24.2046 0.248388
149 0.000604453 -0.000592001 24.2046 0.253105
150 0.000599822 -0.000598018 24.2047 0.258268
151 0.000595018 -0.000602439 24.2047 0.263869
152 0.000590044 -0.00060522 24.2047 0.269892
153 0.000584908 -0.000606352 24.2047 0.276319
154 0.000579613 -0.000605852 24.2047 0.283125
155 0.000574164 -0.000603766 24.2047 0.290284
156 0.000568566 -0.000600164 24.2047 0.297765
157 0.000562822 -0.000595132 24.2047 0.305535
158 0.000556936 -0.000588776 24.2047 0.313561
159 0.000550912 -0.000581207 24.2047 0.321808
160 0.000544755 -0.000572546 24.2047 0.330243
161 0.000538469 -0.000562915 24.2047 0.33883
162 0.000532059 -0.000552437 24.2047 0.347538
163 0.000525532 -0.000541692 24.2047 0.356337
164 0.000518894 -0.00054364 24.2047 0.365195
165 0.000512151 -0.000545564 24.2048 0.374088
166 0.00050531 -0.000547459 24.2048 0.382989
167 0.000498381 -0.000549319 24.2048 0.391876
168 0.00049137 -0.00055114 24.2048 0.400729
169 0.000484287 -0.000552916 24.2048 0.409529
170 0.000479464 -0.000554643 24.2048 0.418261
171 0.00047703 -0.000556313 24.2048 0.426909
172 0.000474291 -0.000557923 24.2048 0.435463
173 0.000471242 -0.000559467 24.2048 0.438226
174 0.000467877 -0.000560939 24.2048 0.438127
175 0.000464193 -0.000562333 24.2048 0.438034
176 0.000460188 -0.000563646 24.2048 0.437944
177 0.000455863 -0.000564871 24.2049 0.437859
178 0.00045122 -0.000566004 24.2049 0.437778
179 0.000446262 -0.000567041 24.2049 0.437701
180 0.000440994 -0.000567975 24.2049 0.437628
181 0.000435426 -0.000568804 24.2049 0.437559
182 0.000429566 -0.000569523 24.2049 0.437493
183 0.000423425 -0.000570128 24.2049 0.437431
184 0.000417017 -0.000570615 24.2049 0.437372
185 0.000410356 -0.000570981 24.2049 0.437317
186 0.000403459 -0.000571222 24.2049 0.437265
187 0.000396344 -0.000571335 24.2049 0.437216
188 0.000389028 -0.000571317 24.2049 0.43717
189 0.000381532 -0.000571166 24.2049 0.437126
190 0.000373876 -0.000570879 24.2049 0.437086
191 0.000366082 -0.000570454 24.205 0.437048
192 0.00035817 -0.000569889 24.205 0.437012
193 0.000350164 -0.000569182 24.205 0.436979
194 0.000342083 -0.000568332 24.205 0.436948
195 0.00033395 -0.000567338 24.205 0.436919
196 0.000325786 -0.000566197 24.205 0.436892
197 0.000317611 -0.00056491 24.205 0.436868
198 0.000317923 -0.000563476 24.205 0.436845
199 0.000318657 -0.000561894 24.205 0.436824
200 0.000319325 -0.000560164 24.205 0.436805
201 0.000319928 -0.000558286 24.205 0.436787
202 0.000320463 -0.000556261 24.205 0.436771
203 0.000320931 -0.000554089 24.205 0.436757
204 0.000321332 -0.000551769 24.205 0.436744
205 0.000321664 -0.000549305 24.205 0.436732
206 0.000321929 -0.000546695 24.205 0.436722
207 0.000322126 -0.000543942 24.205 0.436713
208 0.000322255 -0.000541047 24.205 0.436705
209 0.000322316 -0.000538012 24.205 0.436698
210 0.00032231 -0.000534839 24.205 0.436692
211 0.000322238 -0.000531529 24.205 0.436687
212 0.000322099 -0.000528084 24.205 0.436683
213 0.000321895 -0.000527354 24.205 0.43668
214 0.000321626 -0.000529309 24.205 0.436678
215 0.000321293 -0.000531215 24.205 0.436677
216 0.000320897 -0.000533069 24.205 0.436676
217 0.000320439 -0.000534862 24.205 0.436676
218 0.000319919 -0.00053659 24.205 0.436677
219 0.000319338 -0.000538245 24.205 0.436679
220 0.000318698 -0.000539821 24.205 0.436681
221 0.000318 -0.000541312 24.205 0.436683
222 0.000317244 -0.000542711 24.205 0.436686
223 0.000316431 -0.000544011 24.205 0.43669
224 0.000315563 -0.000545204 24.205 0.436694
225 0.00031464 -0.000546285 24.205 0.436699
226 0.000313663 -0.000547246 24.205 0.436703
227 0.000312633 -0.00054808 24.205 0.436709
228 0.000311551 -0.00054878 24.205 0.436714
229 0.000310418 -0.000549341 24.205 0.43672
230 0.000309235 -0.000549755 24.205 0.436727
231 0.000308002 -0.000550016 24.205 0.436733
232 0.00030672 -0.000550118 24.205 0.43674
233 0.00030539 -0.000550055 24.205 0.436748
234 0.000304012 -0.000549822 24.205 0.436755
235 0.000302588 -0.000549414 24.205 0.436763
236 0.000301117 -0.000548826 24.205 0.436771
237 0.0002996 -0.000548053 24.205 0.436779
238 0.000298037 -0.000547092 24.205 0.436787
239 0.00029643 -0.00054594 24.205 0.436796
240 0.000294778 -0.000544594 24.205 0.436804
241 0.000293083 -0.000543051 24.205 0.436813
242 0.000291344 -0.000541309 24.205 0.436822
243 0.000289561 -0.000539368 24.205 0.436831
244 0.000287737 -0.000537227 24.205 0.436841
245 0.000285869 -0.000534887 24.205 0.43685
246 0.00028396 -0.000532347 24.205 0.43686
247 0.00028201 -0.000529609 24.205 0.436869
248 0.000280019 -0.000526675 24.205 0.436879
249 0.000277987 -0.000523548 24.205 0.436889
250 0.000275915 -0.00052023 24.205 0.436899
251 0.000273804 -0.000516726 24.205 0.43691
252 0.000271654 -0.000513039 24.2049 0.43692
253 0.000269465 -0.000509175 24.2049 0.436931
254 0.000267239 -0.000505139 24.2049 0.436941
255 0.000264975 -0.000500936 24.2049 0.436952
256 0.000262675 -0.000496573 24.2049 0.436963
257 0.00026034 -0.000492056 24.2049 0.436974
258 0.000257969 -0.000487393 24.2049 0.436985
259 0.000255565 -0.00048259 24.2049 0.436997
260 0.000253127 -0.000477656 24.2049 0.437008
261 0.000250657 -0.000472599 24.2049 0.43702
262 0.000248155 -0.000467426 24.2049 0.437032
263 0.000245623 -0.000462146 24.2049 0.437044
264 0.000243061 -0.000456768 24.2049 0.437056
265 0.000240471 -0.000451299 24.2049 0.437068
266 0.000237854 -0.000445749 24.2049 0.43708
267 0.000235211 -0.000440126 24.2049 0.437093
268 0.000232543 -0.000434439 24.2049 0.437106
269 0.000230273 -0.000428696 24.2049 0.437119
270 0.000232545 -0.000422906 24.2049 0.437132
271 0.00023477 -0.000425471 24.2048 0.437146
272 0.000236949 -0.000428148 24.2048 0.437159
273 0.000239081 -0.000430731 24.2048 0.437173
274 0.000241165 -0.000433215 24.2048 0.437187
275 0.000243202 -0.000435591 24.2048 0.437202
276 0.00024519 -0.000437855 24.2048 0.437216
277 0.000247128 -0.00044 24.2048 0.437231
278 0.000249018 -0.000442019 24.2048 0.437246
279 0.000250858 -0.000443906 24.2048 0.437261
280 0.000252648 -0.000445657 24.2048 0.437276
281 0.000254387 -0.000447264 24.2048 0.437292
282 0.000256077 -0.000448724 24.2048 0.437308
283 0.000257715 -0.000450029 24.2048 0.437324
284 0.000259303 -0.000451176 24.2048 0.437341
285 0.00026084 -0.000452159 24.2048 0.437357
286 0.000262326 -0.000452975 24.2048 0.437374
287 0.000263761 -0.00045362 24.2048 0.437392
288 0.000265145 -0.00045409 24.2047 0.437409
289 0.000266478 -0.000454381 24.2047 0.437427
290 0.00026776 -0.000454491 24.2047 0.437445
291 0.000268991 -0.000454418 24.2047 0.437463
292 0.000270172 -0.00045416 24.2047 0.437481
293 0.000271303 -0.000453714 24.2047 0.4375
294 0.000272384 -0.00045308 24.2047 0.437519
295 0.000273414 -0.000452258 24.2047 0.437538
296 0.000274395 -0.000451246 24.2047 0.437558
297 0.000275327 -0.000450044 24.2047 0.437577
298 0.00027621 -0.000448655 24.2047 0.437597
299 0.000277044 -0.000447077 24.2047 0.437617
300 0.00027783 -0.000445312 24.2047 0.437638
301 0.000278569 -0.000443362 24.2047 0.437658
302 0.00027926 -0.000441229 24.2047 0.437679
303 0.000282258 -0.000438914 24.2047 0.4377
304 0.000288806 -0.00043642 24.2047 0.437721
305 0.000295353 -0.000433749 24.2047 0.437742
306 0.000301892 -0.000430906 24.2046 0.437763
307 0.000308418 -0.000427891 24.2046 0.437785
308 0.000314925 -0.00042471 24.2046 0.437806
309 0.000321406 -0.000421365 24.2046 0.437828
310 0.000327855 -0.00041786 24.2046 0.43785
311 0.000334264 -0.000414199 24.2046 0.437872
312 0.000340628 -0.000410385 24.2046 0.437894
313 0.000346938 -0.000406423 24.2046 0.437916
314 0.000353188 -0.000402317 24.2046 0.437938
315 0.00035937 -0.00039807 24.2046 0.437961
316 0.000365476 -0.000393688 24.2046 0.437983
317 0.000371499 -0.000389175 24.2046 0.438005
318 0.00037743 -0.000384534 24.2046 0.438028
319 0.000383261 -0.00038144 24.2046 0.43805
320 0.000388985 -0.000378838 24.2046 0.438072
321 0.000394593 -0.000376101 24.2046 0.438094
322 0.000400075 -0.000373232 24.2046 0.438116
323 0.000405424 -0.000370234 24.2046 0.438138
324 0.000410631 -0.00036711 24.2046 0.43816
325 0.000415686 -0.000363863 24.2046 0.438182
326 0.000420582 -0.000360496 24.2045 0.438204
327 0.00042531 -0.000357012 24.2045 0.438225
328 0.00042986 -0.000353415 24.2045 0.438246
329 0.000434226 -0.000349708 24.2045 0.438268
330 0.000438397 -0.000345896 24.2045 0.438288
331 0.000442366 -0.000341982 24.2045 0.438309
332 0.000446125 -0.00033797 24.2045 0.438329
333 0.000449667 -0.000333866 24.2045 0.438349
334 0.000452984 -0.000329672 24.2045 0.438369
335 0.000456068 -0.000325394 24.2045 0.438389
336 0.000458914 -0.000321036 24.2045 0.438408
337 0.000461515 -0.000316603 24.2045 0.438426
338 0.000463865 -0.000312099 24.2045 0.438445
339 0.000465959 -0.00030753 24.2045 0.438462
340 0.000467793 -0.000302901 24.2045 0.43848
341 0.000469362 -0.000298217 24.2045 0.438497
342 0.000470663 -0.000293482 24.2045 0.438513
343 0.000471693 -0.000288702 24.2045 0.438529
344 0.000472449 -0.000283882 24.2045 0.438545
345 0.00048586 -0.000279028 24.2045 0.438559
346 0.000500908 -0.000274144 24.2045 0.438574
347 0.000516283 -0.000269235 24.2045 0.438588
348 0.000531956 -0.000264307 24.2045 0.438601
349 0.000547894 -0.000259365 24.2045 0.438613
350 0.000564056 -0.000254413 24.2045 0.438625
351 0.000580397 -0.000249457 24.2045 0.438636
352 0.000596863 -0.000244687 24.2045 0.438647
353 0.000613396 -0.000242641 24.2045 0.438657
354 0.00062993 -0.000240564 24.2045 0.438666
355 0.000646392 -0.00023846 24.2045 0.438675
356 0.000662702 -0.000236333 24.2045 0.438683
357 0.000678775 -0.000234187 24.2045 0.43869
358 0.000694523 -0.000232024 24.2045 0.438697
359 0.000709849 -0.00022985 24.2045 0.438703
360 0.000724655 -0.000227666 24.2045 0.438708
361 0.000738842 -0.000225476 24.2045 0.438713
362 0.000752308 -0.000223283 24.2045 0.438717
363 0.000764953 -0.00022109 24.2045 0.438721
364 0.000776678 -0.0002189 24.2045 0.438724
365 0.000787391 -0.000216715 24.2045 0.438726
366 0.000797002 -0.000214536 24.2045 0.438728
367 0.000805432 -0.000212367 24.2045 0.438729
368 0.000812609 -0.000210207 24.2045 0.43873
369 0.000818472 -0.00020806 24.2045 0.438731
370 0.000822971 -0.000205977 24.2045 0.438731
371 0.00082607 -0.000207701 24.2045 0.438731
372 0.000827744 -0.000209418 24.2045 0.438731
373 0.000827984 -0.000211128 24.2045 0.43873
374 0.000826791 -0.000212829 24.2045 0.43873
375 0.000824183 -0.000214522 24.2045 0.438729
376 0.000820187 -0.000216204 24.2045 0.438728
377 0.000814845 -0.000217876 24.2045 0.438727
378 0.000808207 -0.000219537 24.2045 0.438727
379 0.000800335 -0.000221185 24.2045 0.438726
380 0.000791297 -0.00022282 24.2045 0.438726
381 0.000781169 -0.000224442 24.2045 0.438726
382 0.000770033 -0.000226049 24.2045 0.438726
383 0.000757973 -0.000227641 24.2045 0.438727
384 0.000745078 -0.000229217 24.2045 0.438728
385 0.000731438 -0.000230778 24.2045 0.43873
386 0.000717141 -0.000232321 24.2045 0.438732
387 0.000702277 -0.000233848 24.2045 0.438735
388 0.000686932 -0.000235357 24.2045 0.438739
389 0.000671192 -0.000236847 24.2045 0.438743
390 0.000655136 -0.000238319 24.2045 0.438748
391 0.000638843 -0.000239773 24.2045 0.438754
392 0.000622385 -0.000241207 24.2045 0.43876
393 0.000605831 -0.000242622 24.2045 0.438767
394 0.000589245 -0.000244017 24.2045 0.438776
395 0.000572683 -0.000245392 24.2045 0.438785
396 0.000556202 -0.000246747 24.2045 0.438794
397 0.000539847 -0.000248081 24.2045 0.438805
398 0.000523665 -0.000249395 24.2045 0.438817
399 0.000507692 -0.000250687 24.2045 0.438829
400 0.000491965 -0.000251958 24.2045 0.438843
401 0.000476512 -0.000253207 24.2045 0.438857
402 0.000461359 -0.000254435 24.2045 0.438872
403 0.000446529 -0.00025564 24.2045 0.438888
404 0.00043204 -0.000256822 24.2045 0.438905
405 0.000417906 -0.00025798 24.2045 0.438923
406 0.00040414 -0.000259115 24.2045 0.438941
407 0.000390751 -0.000260226 24.2045 0.438961
408 0.000377745 -0.000261312 24.2045 0.438981
409 0.000365126 -0.000262371 24.2045 0.439002
410 0.000352896 -0.000263405 24.2045 0.439023
411 0.000341056 -0.000264411 24.2045 0.439045
412 0.000329603 -0.000265389 24.2045 0.439068
413 0.000318535 -0.000266338 24.2045 0.439092
414 0.000307848 -0.000267256 24.2045 0.439116
415 0.000297536 -0.000268143 24.2045 0.43914
416 0.000287593 -0.000268997 24.2045 0.439165
417 0.000278012 -0.000269817 24.2045 0.439191
418 0.000268785 -0.000270601 24.2045 0.439217
419 0.000259903 -0.000271348 24.2045 0.439243
420 0.000251359 -0.000272056 24.2045 0.43927
421 0.000243142 -0.000272723 24.2045 0.439297
422 0.000235243 -0.000273347 24.2045 0.439324
423 0.000234201 -0.000273926 24.2045 0.439352
424 0.000237064 -0.000274458 24.2045 0.439379
425 0.000240672 -0.00027494 24.2045 0.439407
426 0.000244297 -0.000275371 24.2045 0.439435
427 0.00024794 -0.000275747 24.2045 0.439463
428 0.000251595 -0.000276066 24.2045 0.439491
429 0.000255262 -0.000276325 24.2045 0.439519
430 0.000258936 -0.000276522 24.2045 0.439548
431 0.000262615 -0.000276653 24.2045 0.439576
432 0.000266295 -0.000276715 24.2045 0.439604
433 0.000269973 -0.000276706 24.2045 0.439631
434 0.000273644 -0.000276622 24.2045 0.439659
435 0.000277306 -0.000276459 24.2045 0.439687
436 0.000280955 -0.000276215 24.2045 0.439714
437 0.000284585 -0.000275887 24.2045 0.439741
438 0.000288193 -0.00027547 24.2045 0.439768
439 0.000291773 -0.000274962 24.2045 0.439794
440 0.000295323 -0.000274358 24.2045 0.43982
441 0.000298836 -0.000273657 24.2046 0.439846
442 0.000302307 -0.000272854 24.2046 0.439871
443 0.000305733 -0.000271947 24.2046 0.439897
444 0.000309108 -0.000270931 24.2046 0.439921
445 0.000312427 -0.000269805 24.2046 0.439945
446 0.000315684 -0.000268565 24.2046 0.439969
447 0.000318875 -0.000267208 24.2046 0.439993
448 0.000321996 -0.000265732 24.2046 0.440015
449 0.000325039 -0.000264134 24.2046 0.440038
450 0.000328002 -0.000262411 24.2046 0.44006
451 0.000330879 -0.000260562 24.2046 0.440081
452 0.000333665 -0.000258585 24.2046 0.440102
453 0.000336355 -0.000256478 24.2046 0.440122
454 0.000338946 -0.000254239 24.2046 0.440142
455 0.000341433 -0.000251867 24.2046 0.440161
456 0.000343812 -0.000249361 24.2046 0.44018
457 0.000346079 -0.00024672 24.2046 0.440198
458 0.00034823 -0.000243944 24.2046 0.440215
459 0.000350262 -0.000241032 24.2046 0.440232
460 0.000352172 -0.000237985 24.2046 0.440248
461 0.000353957 -0.000234802 24.2046 0.440264
462 0.000355615 -0.000239152 24.2046 0.440279
463 0.000357142 -0.000247236 24.2046 0.440294
464 0.000358537 -0.000255465 24.2046 0.440307
465 0.000359798 -0.000263836 24.2046 0.440321
466 0.000360923 -0.000272346 24.2046 0.440333
467 0.000361911 -0.000280992 24.2047 0.440346
468 0.000362761 -0.000289769 24.2047 0.440357
469 0.000363471 -0.000298674 24.2047 0.440368
470 0.00036404 -0.000307701 24.2047 0.440378
471 0.000364468 -0.000316844 24.2047 0.440388
472 0.000364755 -0.000326099 24.2047 0.440397
473 0.000364899 -0.000335458 24.2047 0.440406
474 0.0003649 -0.000344914 24.2047 0.440414
475 0.000364758 -0.000354459 24.2047 0.440421
476 0.000364471 -0.000364085 24.2047 0.440428
477 0.000364041 -0.000373782 24.2047 0.440434
478 0.000363466 -0.000383539 24.2047 0.44044
479 0.000362745 -0.000393347 24.2047 0.440445
480 0.000361879 -0.000403192 24.2047 0.44045
481 0.000360866 -0.000413061 24.2047 0.440454
482 0.000359705 -0.00042294 24.2047 0.440457
483 0.000358396 -0.000432815 24.2047 0.44046
484 0.000356937 -0.000442668 24.2047 0.440463
485 0.000355327 -0.000452483 24.2047 0.440465
486 0.000353565 -0.00046224 24.2047 0.440466
487 0.000351649 -0.000471921 24.2047 0.440467
488 0.000349577 -0.000481504 24.2047 0.440468
489 0.000347349 -0.000490968 24.2047 0.440468
490 0.000344961 -0.00050029 24.2047 0.440467
491 0.000342413 -0.000509445 24.2047 0.440467
492 0.000339703 -0.000518411 24.2047 0.440465
493 0.000338268 -0.00052716 24.2047 0.440464
494 0.000341013 -0.000535667 24.2047 0.440461
495 0.000343728 -0.000543906 24.2047 0.440459
496 0.00034641 -0.000551849 24.2047 0.440456
497 0.000349056 -0.00055947 24.2047 0.440452
498 0.000351662 -0.000566742 24.2047 0.440449
499 0.000354227 -0.000573637 24.2048 0.440445
500 0.000356747 -0.00058013 24.2048 0.44044
501 0.000359218 -0.000586195 24.2048 0.440435
502 0.000361639 -0.000591808 24.2048 0.44043
503 0.000364005 -0.000596945 24.2048 0.440424
504 0.000366314 -0.000601585 24.2048 0.440418
505 0.000368561 -0.000605708 24.2048 0.440412
506 0.000370745 -0.000609295 24.2048 0.440406
507 0.00037286 -0.000612331 24.2048 0.440399
508 0.000374904 -0.000614802 24.2048 0.440391
509 0.000376873 -0.000616697 24.2048 0.440384
510 0.000378764 -0.000618007 24.2048 0.440376
511 0.000380573 -0.000618727 24.2048 0.440368
512 0.000382296 -0.000618855 24.2048 0.44036
513 0.00038393 -0.000618389 24.2048 0.440352
514 0.00038547 -0.000617333 24.2048 0.440343
515 0.000386915 -0.000615693 24.2048 0.440334
516 0.000388259 -0.000613478 24.2048 0.440325
517 0.000389499 -0.000610699 24.2048 0.440315
518 0.000390632 -0.000607369 24.2048 0.440306
519 0.000391655 -0.000603505 24.2048 0.440296
520 0.000392563 -0.000599125 24.2048 0.440286
521 0.000393353 -0.000594251 24.2048 0.440276
522 0.000394023 -0.000588904 24.2048 0.440266
523 0.000394568 -0.000583109 24.2048 0.440256
524 0.000394987 -0.00057689 24.2048 0.440245
525 0.000395275 -0.000570274 24.2048 0.440235
526 0.000395431 -0.000563289 24.2048 0.440224
527 0.000395451 -0.000555963 24.2048 0.440214
528 0.000395334 -0.000548322 24.2048 0.440203
529 0.000395078 -0.000540398 24.2048 0.440192
530 0.000394679 -0.000532217 24.2048 0.440181
531 0.000394137 -0.000523807 24.2048 0.44017
532 0.00039345 -0.000515198 24.2048 0.440159
533 0.000392616 -0.000506416 24.2048 0.440148
534 0.000391636 -0.000497487 24.2048 0.440137
535 0.000390508 -0.000488438 24.2048 0.440127
536 0.000389231 -0.000479294 24.2048 0.440116
537 0.000387806 -0.000470077 24.2048 0.440105
538 0.000386234 -0.000460811 24.2048 0.440094
539 0.000384513 -0.000451518 24.2048 0.440084
540 0.000382646 -0.000442217 24.2048 0.440073
541 0.000380634 -0.000432927 24.2048 0.440062
542 0.000378478 -0.000423668 24.2048 0.440052
543 0.00037618 -0.000414454 24.2048 0.440042
544 0.000373742 -0.000405302 24.2048 0.440032
545 0.000371166 -0.000396225 24.2048 0.440022
546 0.000368497 -0.000387236 24.2048 0.440012
547 0.000368374 -0.000378348 24.2048 0.440003
548 0.000368053 -0.00036957 24.2048 0.439993
549 0.000367534 -0.000360912 24.2048 0.439984
550 0.000366817 -0.000352382 24.2048 0.439975
551 0.000365904 -0.000343988 24.2048 0.439966
552 0.000364797 -0.000335737 24.2048 0.439958
553 0.000363497 -0.000336226 24.2048 0.439949
554 0.000362007 -0.000338534 24.2048 0.439941
555 0.00036033 -0.000340784 24.2047 0.439934
556 0.00035847 -0.000342972 24.2047 0.439926
557 0.00035643 -0.000345096 24.2047 0.439919
558 0.000354215 -0.000347153 24.2047 0.439912
559 0.000351829 -0.000349138 24.2047 0.439906
560 0.000349277 -0.00035105 24.2047 0.439899
561 0.000346565 -0.000352884 24.2047 0.439893
562 0.000343697 -0.000354639 24.2047 0.439888
563 0.000340681 -0.00035631 24.2047 0.439883
564 0.000337521 -0.000357894 24.2047 0.439878
565 0.000334225 -0.00035939 24.2047 0.439873
566 0.000330799 -0.000360794 24.2047 0.439869
567 0.000327248 -0.000362103 24.2047 0.439866
568 0.000323581 -0.000363314 24.2047 0.439862
569 0.000319804 -0.000364426 24.2047 0.43986
570 0.000315923 -0.000365435 24.2047 0.439857
571 0.000311947 -0.000366339 24.2047 0.439855
572 0.000307881 -0.000367137 24.2047 0.439854
573 0.000303732 -0.000367825 24.2047 0.439853
574 0.000299508 -0.000368402 24.2047 0.439852
575 0.000295216 -0.000368866 24.2047 0.439852
576 0.000290862 -0.000369215 24.2047 0.439853
577 0.000286453 -0.000369449 24.2047 0.439854
578 0.000281995 -0.000369565 24.2047 0.439855
579 0.000277495 -0.000369562 24.2047 0.439857
580 0.000277392 -0.00036944 24.2047 0.43986
581 0.000277345 -0.000369198 24.2047 0.439863
582 0.000277275 -0.000368835 24.2047 0.439866
583 0.000277184 -0.00036835 24.2047 0.439871
584 0.000277071 -0.000367744 24.2047 0.439875
585 0.000276937 -0.000367016 24.2047 0.439881
586 0.000276782 -0.000366167 24.2047 0.439887
587 0.000276607 -0.000365197 24.2047 0.439894
588 0.000276411 -0.000364106 24.2047 0.439901
589 0.000276194 -0.000362896 24.2047 0.439909
590 0.000275958 -0.000361567 24.2047 0.439918
591 0.000275701 -0.00036012 24.2047 0.439928
592 0.000275426 -0.000358556 24.2047 0.439938
593 0.000275131 -0.000356878 24.2047 0.439949
594 0.000274817 -0.000355087 24.2047 0.43996
595 0.000274485 -0.000353184 24.2047 0.439973
596 0.000274134 -0.000351172 24.2047 0.439986
597 0.000273766 -0.000349053 24.2047 0.44
598 0.00027338 -0.000346828 24.2047 0.440015
599 0.000272977 -0.000344502 24.2047 0.440031
600 0.000272557 -0.000342076 24.2047 0.440048
601 0.000272121 -0.000339553 24.2047 0.440065
602 0.000271668 -0.000336936 24.2047 0.440084
603 0.0002712 -0.000334228 24.2047 0.440103
604 0.000270716 -0.000331432 24.2047 0.440124
605 0.000270218 -0.000328551 24.2047 0.440145
606 0.000269704 -0.000325589 24.2047 0.440168
607 0.000269177 -0.000322549 24.2047 0.440191
608 0.000268636 -0.000319435 24.2047 0.440216
609 0.000268081 -0.000316249 24.2047 0.440242
610 0.000267514 -0.000319103 24.2047 0.440268
611 0.000266934 -0.000323695 24.2047 0.440296
612 0.000266341 -0.000328261 24.2047 0.440326
613 0.000265737 -0.000332794 24.2047 0.440356
614 0.000265122 -0.000337287 24.2047 0.440388
615 0.000264496 -0.000341735 24.2047 0.440421
616 0.000263859 -0.00034613 24.2047 0.440455
617 0.000263212 -0.000350466 24.2047 0.440491
618 0.000262555 -0.000354736 24.2047 0.440528
619 0.000261889 -0.000358933 24.2047 0.440567
620 0.000261213 -0.000363049 24.2047 0.440607
621 0.00026053 -0.000367078 24.2047 0.440648
622 0.000259838 -0.000371012 24.2047 0.440691
623 0.000259138 -0.000374844 24.2047 0.440736
624 0.000258431 -0.000378567 24.2047 0.440782
625 0.000257717 -0.000382174 24.2047 0.44083
626 0.000256997 -0.000385658 24.2047 0.44088
627 0.00025627 -0.000389012 24.2047 0.440932
628 0.000255537 -0.000392228 24.2047 0.440985
629 0.000254798 -0.000395301 24.2047 0.44104
630 0.000254054 -0.000398224 24.2047 0.441098
631 0.000253306 -0.00040099 24.2047 0.441157
632 0.000252552 -0.000403595 24.2047 0.441218
633 0.000251795 -0.000406031 24.2047 0.441281
634 0.000251033 -0.000408294 24.2047 0.441346
635 0.000250268 -0.000410379 24.2047 0.441414
636 0.000249499 -0.000412281 24.2047 0.441484
637 0.000248727 -0.000413995 24.2047 0.441556
638 0.000247952 -0.000415519 24.2047 0.44163
639 0.000247174 -0.000416848 24.2047 0.441707
640 0.000246394 -0.00041798 24.2047 0.441786
641 0.000245611 -0.000418912 24.2047 0.441868
642 0.000244827 -0.000419642 24.2047 0.441953
643 0.00024404 -0.000420168 24.2047 0.44204
644 0.000243252 -0.00042049 24.2047 0.44213
645 0.000242463 -0.000420606 24.2047 0.442222
646 0.000241672 -0.000420518 24.2047 0.442318
647 0.00024088 -0.000420224 24.2047 0.442416
648 0.000240086 -0.000419726 24.2047 0.442518
649 0.000239292 -0.000419026 24.2047 0.442623
650 0.000238497 -0.000418125 24.2047 0.442731
651 0.000237702 -0.000417025 24.2047 0.442842
652 0.000236905 -0.00041573 24.2047 0.442957
653 0.000236109 -0.000414242 24.2047 0.443075
654 0.000235311 -0.000412565 24.2047 0.443196
655 0.000234514 -0.000410703 24.2047 0.443321
656 0.000233716 -0.00040866 24.2047 0.44345
657 0.000232918 -0.000406441 24.2047 0.443583
658 0.000232119 -0.00040405 24.2047 0.44372
659 0.000231321 -0.000401494 24.2047 0.443861
660 0.000230522 -0.000398777 24.2047 0.444006
661 0.000229724 -0.000395905 24.2047 0.444155
662 0.000228925 -0.000392885 24.2047 0.444308
663 0.000228126 -0.000389721 24.2047 0.444466
664 0.000227328 -0.000386422 24.2047 0.444629
665 0.00022653 -0.000382992 24.2047 0.444796
666 0.000225731 -0.000379439 24.2047 0.444968
667 0.000224933 -0.000375769 24.2046 0.445145
668 0.000224135 -0.000371989 24.2046 0.445327
669 0.000223338 -0.000368106 24.2046 0.445515
670 0.00022254 -0.000364125 24.2046 0.445707
671 0.000221743 -0.000360055 24.2046 0.445906
672 0.000220946 -0.000355901 24.2046 0.44611
673 0.00022015 -0.000351669 24.2046 0.446319
674 0.000219354 -0.000347368 24.2046 0.446535
675 0.000218558 -0.000343002 24.2046 0.446757
676 0.000217763 -0.000338578 24.2046 0.446985
677 0.000216968 -0.000334103 24.2046 0.44722
678 0.000216174 -0.000329582 24.2046 0.447461
679 0.000215381 -0.000325022 24.2046 0.447709
680 0.000214588 -0.000320427 24.2046 0.447964
681 0.000213796 -0.000315804 24.2046 0.448227
682 0.000213005 -0.000311158 24.2046 0.448497
683 0.000212215 -0.000306494 24.2046 0.448774
684 0.000211426 -0.000301817 24.2046 0.449059
685 0.000210638 -0.000297132 24.2046 0.449353
686 0.000209852 -0.000292444 24.2046 0.449655
687 0.000209066 -0.000287756 24.2046 0.449965
688 0.000208282 -0.000283074 24.2046 0.450284
689 0.0002075 -0.000278402 24.2046 0.450612
690 0.000206719 -0.000273742 24.2046 0.45095
691 0.000205941 -0.000269099 24.2046 0.451297
692 0.000205164 -0.000264476 24.2046 0.451654
693 0.000204389 -0.000259876 24.2046 0.452021
694 0.000203616 -0.000255303 24.2046 0.452398
695 0.000202846 -0.000250759 24.2046 0.452787
696 0.000202078 -0.000246247 24.2046 0.453186
697 0.000201313 -0.00024177 24.2046 0.453597
698 0.000200551 -0.000237329 24.2046 0.45402
699 0.000199792 -0.000232927 24.2046 0.454455
700 0.000199037 -0.000228565 24.2046 0.454902
701 0.000198285 -0.000224246 24.2046 0.455362
702 0.000197536 -0.000219972 24.2046 0.455836
703 0.000196792 -0.000218554 24.2046 0.456323
704 0.000196051 -0.000221712 24.2046 0.456824
705 0.000195315 -0.000224926 24.2046 0.45734
706 0.000194584 -0.0002282 24.2046 0.457871
707 0.000193857 -0.000231534 24.2046 0.458417
708 0.000193136 -0.00023493 24.2046 0.458502
709 0.00019242 -0.00023839 24.2046 0.458113
710 0.000191709 -0.000241914 24.2046 0.457757
711 0.000191005 -0.000245504 24.2046 0.457435
712 0.000190307 -0.000249162 24.2046 0.45715
713 0.000189615 -0.00025289 24.2046 0.456901
714 0.00018893 -0.000256687 24.2046 0.456693
715 0.000188252 -0.000260557 24.2046 0.456526
716 0.000187582 -0.000264499 24.2046 0.456403
717 0.000186919 -0.000268515 24.2046 0.456326
718 0.000186264 -0.000272605 24.2046 0.456297
719 0.000186009 -0.000276771 24.2046 0.456318
720 0.000188704 -0.000281012 24.2046 0.456392
721 0.000191426 -0.00028533 24.2046 0.456522
722 0.000194171 -0.000289724 24.2046 0.456709
723 0.000196935 -0.000294195 24.2046 0.456956
724 0.000199714 -0.000298742 24.2046 0.457267
725 0.000202504 -0.000303365 24.2046 0.457643
726 0.000205299 -0.000308062 24.2046 0.458088
727 0.000208094 -0.000312833 24.2046 0.458605
728 0.000210882 -0.000317676 24.2046 0.459196
729 0.000213657 -0.000322589 24.2046 0.459865
730 0.000216413 -0.00032757 24.2046 0.460614
731 0.000219141 -0.000332616 24.2046 0.461447
732 0.000221833 -0.000337724 24.2046 0.462366
733 0.000224481 -0.00034289 24.2046 0.463374
734 0.000227077 -0.000348111 24.2046 0.464475
735 0.000229609 -0.000353381 24.2046 0.465672
736 0.000232069 -0.000358696 24.2046 0.466967
737 0.000234446 -0.00036405 24.2046 0.468363
738 0.000236729 -0.000369436 24.2046 0.469863
739 0.000238907 -0.000374848 24.2046 0.471469
740 0.000240968 -0.000380279 24.2046 0.473185
741 0.0002429 -0.000385721 24.2046 0.475012
742 0.000244693 -0.000391164 24.2046 0.476953
743 0.000246333 -0.000396601 24.2046 0.479009
744 0.000247808 -0.000402022 24.2046 0.481183
745 0.000249107 -0.000407416 24.2046 0.483475
746 0.000250218 -0.000412774 24.2046 0.485888
747 0.000251129 -0.000418083 24.2046 0.488422
748 0.000251828 -0.000423333 24.2046 0.491077
749 0.000252306 -0.000428512 24.2046 0.493854
750 0.000252551 -0.000433607 24.2046 0.496754
751 0.000252555 -0.000438606 24.2046 0.499775
752 0.000252307 -0.000443496 24.2046 0.502916
753 0.000251802 -0.000448264 24.2046 0.506178
754 0.000251031 -0.000452897 24.2046 0.509557
755 0.000249988 -0.000457381 24.2046 0.513053
756 0.00024867 -0.000461704 24.2046 0.5158
757 0.000247071 -0.000465851 24.2046 0.515906
758 0.000245191 -0.00046981 24.2046 0.516013
759 0.000243027 -0.000473567 24.2046 0.516121
760 0.000240581 -0.00047711 24.2046 0.516231
761 0.000237853 -0.000480427 24.2046 0.516341
762 0.000234848 -0.000483504 24.2046 0.516453
763 0.000231568 -0.000486331 24.2046 0.516566
764 0.000229721 -0.000488897 24.2046 0.516681
765 0.000233284 -0.00049119 24.2046 0.516796
766 0.000236924 -0.000493202 24.2046 0.516913
767 0.000240642 -0.000494923 24.2046 0.517032
768 0.000244439 -0.000496345 24.2046 0.517151
769 0.000248317 -0.000497461 24.2046 0.517272
770 0.000252278 -0.000498264 24.2046 0.517394
771 0.000256323 -0.000498749 24.2046 0.517518
772 0.000260455 -0.000498911 24.2046 0.517642
773 0.000264674 -0.000498747 24.2046 0.517768
774 0.000268982 -0.000498254 24.2046 0.517896
775 0.000273382 -0.000497433 24.2046 0.518025
776 0.000277873 -0.000496281 24.2046 0.518155
777 0.000282458 -0.000494802 24.2046 0.518287
778 0.000287138 -0.000492996 24.2046 0.51842
779 0.000291913 -0.000490869 24.2046 0.518554
780 0.000296786 -0.000488423 24.2046 0.51869
781 0.000301756 -0.000485665 24.2046 0.518827
782 0.000306824 -0.000482601 24.2046 0.518966
783 0.00031199 -0.00047924 24.2046 0.519105
784 0.000317255 -0.000475589 24.2046 0.519247
785 0.000322618 -0.00047166 24.2046 0.51939
786 0.000328078 -0.000467461 24.2046 0.519534
787 0.000333635 -0.000463006 24.2046 0.519679
788 0.000339288 -0.000458304 24.2046 0.519826
789 0.000345033 -0.000453371 24.2046 0.519975
790 0.00035087 -0.000448217 24.2046 0.520124
791 0.000356795 -0.000442858 24.2046 0.520275
792 0.000362805 -0.000437307 24.2046 0.520428
793 0.000368896 -0.000431579 24.2046 0.520582
794 0.000375064 -0.000425689 24.2046 0.520737
795 0.000381303 -0.000419651 24.2046 0.520893
796 0.000387607 -0.00041348 24.2046 0.521051
797 0.000393969 -0.00040719 24.2046 0.52121
798 0.000400382 -0.000400797 24.2046 0.521371
799 0.000406838 -0.000394316 24.2046 0.521532
800 0.000413327 -0.00038776 24.2046 0.521695
801 0.000419839 -0.000381143 24.2046 0.521859
802 0.000426363 -0.000374479 24.2046 0.522024
803 0.000432888 -0.000367782 24.2046 0.52219
804 0.0004394 -0.000361064 24.2046 0.522358
805 0.000445886 -0.000354337 24.2046 0.522526
806 0.00045233 -0.000347613 24.2046 0.522695
807 0.000458718 -0.000340904 24.2046 0.522865
808 0.000465033 -0.00033422 24.2046 0.523036
809 0.000471258 -0.000327571 24.2046 0.523208
810 0.000477375 -0.000320966 24.2046 0.52338
811 0.000483365 -0.000314415 24.2046 0.523553
812 0.000489209 -0.000307925 24.2046 0.523727
813 0.000494887 -0.000301504 24.2046 0.523901
814 0.000500379 -0.000295158 24.2046 0.524075
815 0.000505664 -0.000288895 24.2046 0.52425
816 0.000510722 -0.00028272 24.2046 0.524424
817 0.000515532 -0.000276637 24.2046 0.524599
818 0.000520074 -0.000270651 24.2046 0.524774
819 0.000524328 -0.000264767 24.2046 0.524948
820 0.000528273 -0.000258987 24.2046 0.525123
821 0.00053189 -0.000253315 24.2046 0.525296
822 0.000535162 -0.000247753 24.2046 0.52547
823 0.00053807 -0.000242302 24.2046 0.525642
824 0.0005406 -0.000236964 24.2046 0.525814
825 0.000542734 -0.00023174 24.2046 0.525985
826 0.000544461 -0.000226631 24.2046 0.526154
827 0.000545768 -0.000221637 24.2046 0.526323
828 0.000546646 -0.000216758 24.2046 0.526489
829 0.000547085 -0.000211993 24.2045 0.526655
830 0.000547079 -0.000207341 24.2045 0.526819
831 0.000546624 -0.000202803 24.2045 0.52698
832 0.000545717 -0.000198376 24.2045 0.52714
833 0.000544358 -0.000194058 24.2045 0.527298
834 0.000542548 -0.00018985 24.2045 0.527453
835 0.000540292 -0.000185747 24.2045 0.527606
836 0.000537594 -0.00018175 24.2045 0.527757
837 0.000534464 -0.000177855 24.2045 0.527905
838 0.000530909 -0.00017406 24.2045 0.52805
839 0.000526941 -0.000170364 24.2045 0.528192
840 0.000522574 -0.000166763 24.2045 0.528331
841 0.000517821 -0.000163257 24.2045 0.528467
842 0.000512699 -0.000159841 24.2045 0.528599
843 0.000507225 -0.000156513 24.2045 0.528729
844 0.000501416 -0.000153272 24.2045 0.528855
845 0.000495291 -0.000151737 24.2045 0.528977
846 0.000488872 -0.000150615 24.2045 0.529096
847 0.000482177 -0.000149475 24.2045 0.529212
848 0.000475228 -0.000148316 24.2045 0.529324
849 0.000468046 -0.000147139 24.2045 0.529432
850 0.000460653 -0.000145944 24.2045 0.529536
851 0.000453069 -0.00014473 24.2045 0.529637
852 0.000445316 -0.0001435 24.2045 0.529734
853 0.000437415 -0.000142252 24.2045 0.529827
854 0.000429386 -0.000140987 24.2045 0.529917
855 0.000421249 -0.000139706 24.2045 0.530002
856 0.000413025 -0.00013841 24.2045 0.530085
857 0.000404731 -0.000137613 24.2045 0.530163
858 0.000396387 -0.000138075 24.2045 0.530238
859 0.000388009 -0.000138454 24.2045 0.530309
860 0.000379615 -0.000138753 24.2045 0.530376
861 0.000371219 -0.000138975 24.2045 0.53044
862 0.000362838 -0.000139121 24.2045 0.530501
863 0.000354485 -0.000139195 24.2044 0.530558
864 0.000346173 -0.000139198 24.2044 0.530611
865 0.000337915 -0.000139135 24.2044 0.530662
866 0.000329722 -0.000139006 24.2044 0.530709
867 0.000321604 -0.000138815 24.2044 0.530753
868 0.000313572 -0.000138565 24.2044 0.530794
869 0.000305633 -0.000138258 24.2044 0.530832
870 0.000297796 -0.000137897 24.2044 0.530867
871 0.000290068 -0.000137485 24.2044 0.530899
872 0.000282456 -0.000137024 24.2044 0.530928
873 0.000274964 -0.000136516 24.2044 0.530955
874 0.000267599 -0.000135965 24.2044 0.530979
875 0.000260364 -0.000135372 24.2044 0.531
876 0.000253263 -0.000134741 24.2044 0.531019
877 0.000246299 -0.000134072 24.2044 0.531036
878 0.000239474 -0.000133369 24.2044 0.53105
879 0.000232791 -0.000132634 24.2044 0.531062
880 0.00022625 -0.000131868 24.2044 0.531072
881 0.000219854 -0.000131074 24.2044 0.53108
882 0.000213602 -0.000130254 24.2044 0.531086
883 0.000207495 -0.00012941 24.2044 0.53109
884 0.000201532 -0.000128542 24.2044 0.531093
885 0.000195714 -0.000127654 24.2044 0.531093
886 0.000190039 -0.000126747 24.2044 0.531092
887 0.000184507 -0.000125822 24.2044 0.53109
888 0.000179115 -0.000124881 24.2044 0.531085
889 0.000173863 -0.000123925 24.2044 0.53108
890 0.000168749 -0.000122956 24.2044 0.531073
891 0.000163771 -0.000121974 24.2044 0.531064
892 0.000158927 -0.000120983 24.2044 0.531054
893 0.000154216 -0.000119981 24.2044 0.531044
894 0.000149633 -0.000118971 24.2044 0.531032
895 0.000145178 -0.000117954 24.2044 0.531019
896 0.000140848 -0.00011693 24.2044 0.531004
897 0.000136641 -0.000115901 24.2044 0.530989
898 0.000132553 -0.000114868 24.2044 0.530973
899 0.000128583 -0.000113831 24.2044 0.530956
900 0.000124727 -0.000112792 24.2044 0.530939
901 0.000122152 -0.00011175 24.2043 0.53092
902 0.00012178 -0.000110707 24.2043 0.530901
903 0.000121408 -0.000109664 24.2043 0.530881
904 0.000121035 -0.000108621 24.2043 0.53086
905 0.000120663 -0.000107579 24.2043 0.530839
906 0.00012029 -0.000106538 24.2043 0.530817
907 0.000119916 -0.000105499 24.2043 0.530795
908 0.000119543 -0.000104462 24.2043 0.530772
909 0.000119169 -0.000103428 24.2043 0.530749
910 0.000118794 -0.000102398 24.2043 0.530725
911 0.000119139 -0.000101371 24.2043 0.530701
912 0.000121288 -0.000100349 24.2043 0.530677
913 0.000123488 -9.93309e-05 24.2043 0.530652
914 0.000125738 -9.8318e-05 24.2043 0.530626
