Iteration max_z min_z max_grad min_grad
1 1.23145 -1.10005 31.7866 0.687946
2 0.111344 -0.106689 24.4328 0.128083
3 0.0331897 -0.0288611 24.2502 0.15798
4 0.0276856 -0.0297461 24.2153 0.17281
5 0.0227239 -0.0223738 24.2076 0.147071
6 0.0128317 -0.0179726 24.2056 0.152938
7 0.0101327 -0.0152598 24.2052 0.213858
8 0.00865916 -0.0118033 24.2053 0.269062
9 0.00662673 -0.00855466 24.2056 0.298964
10 0.00571994 -0.00673716 24.2059 0.299985
11 0.00540987 -0.00728542 24.206 0.304723
12 0.00513433 -0.0071022 24.206 0.313625
13 0.00489518 -0.0064586 24.2059 0.327623
14 0.00467541 -0.00565443 24.2058 0.341817
15 0.0044632 -0.00488009 24.2057 0.320679
16 0.00425963 -0.00421852 24.2057 0.300886
17 0.00407335 -0.00399299 24.2056 0.282471
18 0.0039125 -0.00366163 24.2056 0.265461
19 0.00378043 -0.00367156 24.2055 0.249895
20 0.00367476 -0.00366141 24.2056 0.235877
21 0.00364565 -0.00361923 24.2056 0.223687
22 0.00411609 -0.00355645 24.2056 0.214018
23 0.00423914 -0.00347992 24.2057 0.208444
24 0.00400313 -0.00352733 24.2058 0.210186
25 0.00351516 -0.00356729 24.2058 0.224557
26 0.00311526 -0.00379319 24.2059 0.256938
27 0.00298131 -0.00361659 24.2059 0.307331
28 0.0028267 -0.00338457 24.206 0.368331
29 0.00264541 -0.00338036 24.206 0.429595
30 0.00252156 -0.00337164 24.206 0.429486
31 0.00232564 -0.00340437 24.206 0.429461
32 0.00205802 -0.0034757 24.206 0.429491
33 0.00175402 -0.00341001 24.206 0.429548
34 0.00153318 -0.00322004 24.206 0.429606
35 0.00169385 -0.00312334 24.206 0.429643
36 0.00186335 -0.00304778 24.206 0.429645
37 0.00197783 -0.00299138 24.206 0.429601
38 0.00202184 -0.00289917 24.206 0.429512
39 0.00206397 -0.0027766 24.206 0.42938
40 0.00221617 -0.00267982 24.2059 0.429214
41 0.00232745 -0.00260308 24.2059 0.429026
42 0.00238157 -0.00255358 24.2059 0.428826
43 0.00236774 -0.00259963 24.2059 0.428623
44 0.00228392 -0.00262454 24.2059 0.428428
45 0.00213766 -0.00262664 24.2059 0.428247
46 0.00194415 -0.0026056 24.2059 0.428087
47 0.00172233 -0.00271849 24.2059 0.427953
48 0.0014908 -0.00314985 24.2059 0.427849
49 0.00139395 -0.00357026 24.2059 0.427774
50 0.00161903 -0.00393348 24.2058 0.427729
51 0.00184946 -0.00418721 24.2058 0.427707
52 0.00208047 -0.00428836 24.2058 0.427701
53 0.0023051 -0.00421959 24.2058 0.427703
54 0.00251392 -0.00399637 24.2058 0.427703
55 0.00269524 -0.00366006 24.2058 0.427692
56 0.00283622 -0.00326221 24.2058 0.427664
57 0.00292492 -0.00284986 24.2059 0.427616
58 0.00295284 -0.00245752 24.2059 0.427543
59 0.00291707 -0.00228117 24.2059 0.427445
60 0.00282117 -0.00235628 24.2059 0.42732
61 0.00267435 -0.00240493 24.2059 0.427169
62 0.00248942 -0.00241989 24.2059 0.426994
63 0.00284236 -0.00239623 24.2059 0.426801
64 0.00335161 -0.00233262 24.2059 0.426596
65 0.00388967 -0.00223205 24.2059 0.426389
66 0.00439619 -0.00210139 24.2059 0.426189
67 0.00478082 -0.00211581 24.2059 0.426004
68 0.00494764 -0.00212669 24.2059 0.425842
69 0.00484006 -0.00212068 24.2059 0.425704
70 0.00447522 -0.00209857 24.2059 0.425592
71 0.00393621 -0.00206153 24.2059 0.425508
72 0.00332935 -0.00201123 24.2058 0.425458
73 0.0027423 -0.00194984 24.2058 0.425453
74 0.00222637 -0.00187979 24.2058 0.425503
75 0.00180009 -0.00180342 24.2058 0.425612
76 0.00146113 -0.00177133 24.2058 0.425781
77 0.00136323 -0.00175737 24.2057 0.426007
78 0.00141082 -0.00173385 24.2057 0.426281
79 0.00145623 -0.00170177 24.2057 0.426595
80 0.00149845 -0.00166198 24.2057 0.426941
81 0.00153648 -0.00161519 24.2056 0.42731
82 0.00156931 -0.00156207 24.2056 0.427696
83 0.00159605 -0.00150322 24.2056 0.428094
84 0.0016159 -0.00143928 24.2055 0.428501
85 0.00162826 -0.00137088 24.2055 0.428915
86 0.00163277 -0.00142656 24.2055 0.429336
87 0.00162932 -0.00152865 24.2054 0.429764
88 0.0016181 -0.00163443 24.2054 0.430199
89 0.00159957 -0.0017417 24.2054 0.429948
90 0.00158032 -0.00184753 24.2053 0.428247
91 0.00159463 -0.00194824 24.2053 0.42698
92 0.00159538 -0.00203955 24.2052 0.426182
93 0.00158116 -0.00211669 24.2052 0.425895
94 0.00155106 -0.00217483 24.2051 0.426166
95 0.0015048 -0.00220948 24.2051 0.427046
96 0.00144288 -0.00221703 24.205 0.428596
97 0.00140598 -0.00219524 24.205 0.429228
98 0.001408 -0.00214366 24.2049 0.425934
99 0.00140104 -0.00206374 24.2048 0.423379
100 0.00138873 -0.00195875 24.2047 0.421627
101 0.00137229 -0.00183347 24.2047 0.420727
102 0.00134813 -0.00169359 24.2046 0.420711
103 0.00131674 -0.00154512 24.2045 0.421591
104 0.00127886 -0.00159801 24.2044 0.423354
105 0.00123542 -0.00174403 24.2043 0.425967
106 0.00121861 -0.00188734 24.2042 0.429367
107 0.00120047 -0.00202196 24.2041 0.433478
108 0.00117724 -0.00214106 24.2041 0.438206
109 0.00114923 -0.00223751 24.204 0.443449
110 0.00115031 -0.00230474 24.2039 0.449104
111 0.00115011 -0.00233763 24.2038 0.453379
112 0.00114574 -0.0023333 24.2038 0.456169
113 0.00113745 -0.00229162 24.2037 0.45934
114 0.0011255 -0.00221523 24.2037 0.462956
115 0.00111019 -0.00210907 24.2036 0.467089
116 0.00109181 -0.00197961 24.2036 0.471826
117 0.00108122 -0.00183396 24.2035 0.476654
118 0.00115757 -0.00174405 24.2035 0.479369
119 0.00122916 -0.00189526 24.2035 0.484241
120 0.00128856 -0.00205409 24.2035 0.491708
121 0.00132645 -0.00221478 24.2034 0.502174
122 0.0013328 -0.00236882 24.2034 0.515936
123 0.00129888 -0.00250522 24.2034 0.525302
124 0.00121974 -0.00261151 24.2034 0.526095
125 0.0012233 -0.0026754 24.2034 0.526913
126 0.00138737 -0.00268699 24.2033 0.527761
127 0.00151892 -0.00264098 24.2033 0.528643
128 0.00160667 -0.00253822 24.2033 0.529557
129 0.00164498 -0.002386 24.2033 0.530503
130 0.00163508 -0.00219683 24.2033 0.531476
131 0.00158429 -0.00198593 24.2033 0.532473
132 0.00150378 -0.00176842 24.2033 0.533489
133 0.00140573 -0.001557 24.2033 0.534519
134 0.00130098 -0.00136071 24.2033 0.53556
135 0.0012665 -0.00118478 24.2033 0.536608
136 0.00130649 -0.00107957 24.2033 0.53766
137 0.00134767 -0.00106399 24.2033 0.538713
138 0.00138936 -0.00104121 24.2033 0.539765
139 0.00143074 -0.00101085 24.2033 0.540814
140 0.00147091 -0.000973143 24.2033 0.541857
141 0.00150887 -0.000928832 24.2033 0.542893
142 0.00154355 -0.000879046 24.2033 0.54392
143 0.0015739 -0.000825165 24.2033 0.544936
144 0.00159888 -0.000768669 24.2033 0.545939
145 0.00161753 -0.000711017 24.2033 0.546925
146 0.00162905 -0.000674175 24.2033 0.547892
147 0.00163279 -0.000663584 24.2033 0.548835
148 0.00162834 -0.000653302 24.2033 0.549751
149 0.00161553 -0.000643302 24.2033 0.550634
150 0.00159444 -0.000633531 24.2034 0.551479
151 0.0015654 -0.000623926 24.2034 0.552278
152 0.00152896 -0.00061442 24.2034 0.553026
153 0.00148588 -0.000604956 24.2034 0.553714
154 0.00150885 -0.000595491 24.2034 0.554337
155 0.0015689 -0.000586 24.2034 0.554885
156 0.00162996 -0.000576483 24.2035 0.555352
157 0.00169133 -0.00056696 24.2035 0.555732
158 0.00175199 -0.000557473 24.2035 0.556017
159 0.0018105 -0.000556071 24.2035 0.55576
160 0.00186505 -0.000573293 24.2036 0.555422
161 0.00191342 -0.000586309 24.2036 0.555104
162 0.00195306 -0.000595367 24.2036 0.554803
163 0.00198122 -0.000600802 24.2036 0.55452
164 0.00199515 -0.000602996 24.2036 0.554254
165 0.00199238 -0.000602353 24.2037 0.554005
166 0.001971 -0.000599264 24.2037 0.553772
167 0.00192995 -0.000594088 24.2037 0.553556
168 0.00186921 -0.000587138 24.2037 0.55334
169 0.00178996 -0.000578679 24.2037 0.552618
170 0.00169443 -0.000568934 24.2037 0.551854
171 0.00158579 -0.000558095 24.2038 0.551062
172 0.00146775 -0.000546334 24.2038 0.550253
173 0.00134426 -0.000533819 24.2038 0.54944
174 0.00121911 -0.000520716 24.2038 0.54863
175 0.0010957 -0.000507197 24.2038 0.547832
176 0.000976806 -0.000493432 24.2038 0.54705
177 0.000864537 -0.000479592 24.2038 0.546288
178 0.000760319 -0.000465835 24.2038 0.545549
179 0.000664971 -0.000452307 24.2038 0.544832
180 0.000578799 -0.000439138 24.2038 0.54414
181 0.000545792 -0.000426433 24.2038 0.543469
182 0.000557637 -0.00041428 24.2038 0.542821
183 0.000569718 -0.000407877 24.2038 0.542192
184 0.000582006 -0.000404116 24.2038 0.541583
185 0.000594475 -0.000400486 24.2038 0.540991
186 0.000607105 -0.000396978 24.2038 0.540415
187 0.000619879 -0.000393582 24.2038 0.539854
188 0.00063278 -0.000390284 24.2038 0.539305
189 0.000645795 -0.00038707 24.2038 0.538768
190 0.000658909 -0.000383925 24.2038 0.538242
191 0.000672109 -0.000380833 24.2038 0.537724
192 0.00068538 -0.000377779 24.2038 0.537213
193 0.000698705 -0.000374746 24.2038 0.53671
194 0.000712068 -0.000371721 24.2038 0.536211
195 0.000725449 -0.000368688 24.2038 0.535718
196 0.000738825 -0.000365635 24.2038 0.535227
197 0.00075386 -0.00036255 24.2038 0.534739
198 0.000771566 -0.00035942 24.2038 0.534253
199 0.000789528 -0.000356237 24.2038 0.533767
200 0.00080773 -0.000352993 24.2038 0.533281
201 0.000826153 -0.00034968 24.2038 0.532795
202 0.000844774 -0.000346293 24.2038 0.532307
203 0.000863569 -0.000342828 24.2038 0.531817
204 0.000882506 -0.000339283 24.2038 0.531325
205 0.000901553 -0.000335659 24.2038 0.530829
206 0.00092067 -0.000331955 24.2038 0.530329
207 0.000939815 -0.000335659 24.2038 0.529826
208 0.000958943 -0.00034325 24.2038 0.529317
209 0.000978001 -0.000350998 24.2038 0.528804
210 0.000996936 -0.000358877 24.2037 0.528285
211 0.00101569 -0.000366863 24.2037 0.52776
212 0.00103419 -0.000374927 24.2037 0.527229
213 0.00105238 -0.00038304 24.2037 0.526692
214 0.00107019 -0.000391173 24.2037 0.526149
215 0.00108755 -0.000399294 24.2037 0.525598
216 0.00110437 -0.000407372 24.2037 0.52504
217 0.00112058 -0.000415374 24.2037 0.524476
218 0.00114383 -0.000423267 24.2037 0.523904
219 0.00116784 -0.000431019 24.2037 0.523324
220 0.00119117 -0.000438595 24.2037 0.522737
221 0.00121365 -0.000445964 24.2037 0.522143
222 0.00123513 -0.000453092 24.2037 0.521541
223 0.00125544 -0.000459949 24.2037 0.520932
224 0.00127441 -0.000466503 24.2037 0.520315
225 0.00129187 -0.000472724 24.2037 0.519691
226 0.00130766 -0.000478583 24.2037 0.51906
227 0.00132162 -0.000484051 24.2037 0.518421
228 0.00133358 -0.000489103 24.2037 0.517776
229 0.00134342 -0.00049371 24.2037 0.517124
230 0.00135101 -0.000497847 24.2037 0.516466
231 0.00135623 -0.000501488 24.2037 0.515802
232 0.00135899 -0.000504609 24.2037 0.515131
233 0.00135921 -0.000507184 24.2037 0.514455
234 0.00135684 -0.000509187 24.2036 0.513774
235 0.00135837 -0.000510595 24.2036 0.513088
236 0.00137568 -0.000511382 24.2036 0.512397
237 0.0013914 -0.000511523 24.2036 0.511703
238 0.00140542 -0.000510993 24.2036 0.511004
239 0.00141763 -0.00050977 24.2036 0.510302
240 0.00142792 -0.00050783 24.2036 0.509597
241 0.00143618 -0.000505153 24.2036 0.508889
242 0.0014423 -0.000501722 24.2036 0.50818
243 0.00144621 -0.000497523 24.2036 0.507469
244 0.00144782 -0.000492545 24.2036 0.506757
245 0.00144706 -0.000486784 24.2036 0.506044
246 0.00144388 -0.000480243 24.2036 0.50533
247 0.00143822 -0.000488829 24.2036 0.504618
248 0.00143008 -0.000498648 24.2036 0.503905
249 0.00141945 -0.000509145 24.2036 0.503195
250 0.00140635 -0.000520384 24.2036 0.502486
251 0.00139083 -0.00053243 24.2036 0.501779
252 0.00137295 -0.000545355 24.2036 0.501075
253 0.0013528 -0.000559233 24.2037 0.500374
254 0.00133049 -0.000574143 24.2037 0.499677
255 0.00130613 -0.00059017 24.2037 0.498984
256 0.00127988 -0.000607401 24.2037 0.498296
257 0.00125189 -0.000625928 24.2037 0.497614
258 0.00122231 -0.000645847 24.2037 0.496937
259 0.00119132 -0.000667253 24.2037 0.496267
260 0.00115909 -0.000690243 24.2037 0.495603
261 0.0011258 -0.000714914 24.2037 0.494947
262 0.00109162 -0.000741356 24.2037 0.494299
263 0.00105673 -0.000769652 24.2037 0.493659
264 0.00102129 -0.00079987 24.2037 0.493028
265 0.000985475 -0.000832061 24.2037 0.492407
266 0.000949441 -0.000866246 24.2037 0.491795
267 0.000913343 -0.000902407 24.2037 0.491193
268 0.00087733 -0.000940477 24.2038 0.490602
269 0.000841545 -0.000980322 24.2038 0.490022
270 0.000806122 -0.00102173 24.2038 0.489454
271 0.000771191 -0.00106438 24.2038 0.488897
272 0.000736873 -0.00110784 24.2038 0.488353
273 0.000703283 -0.00115152 24.2038 0.487821
274 0.000670528 -0.00119471 24.2038 0.487302
275 0.000638705 -0.0012365 24.2038 0.486796
276 0.000607901 -0.00127582 24.2038 0.486304
277 0.000578195 -0.00131146 24.2039 0.485825
278 0.00054965 -0.00134208 24.2039 0.48536
279 0.000572542 -0.00136629 24.2039 0.484909
280 0.000612176 -0.0013827 24.2039 0.484471
281 0.000650493 -0.00139004 24.2039 0.484048
282 0.000686719 -0.00138729 24.2039 0.483637
283 0.000720105 -0.00137372 24.2039 0.48324
284 0.000749981 -0.00134906 24.204 0.482857
285 0.000775807 -0.0013135 24.204 0.482486
286 0.000797212 -0.00126775 24.204 0.482127
287 0.000814011 -0.00121297 24.204 0.481781
288 0.000826213 -0.00115067 24.204 0.481446
289 0.000833997 -0.00108263 24.204 0.481123
290 0.000837682 -0.00101072 24.204 0.480811
291 0.000837685 -0.000936791 24.204 0.48051
292 0.000834478 -0.000862542 24.204 0.480219
293 0.00082855 -0.000789448 24.204 0.479939
294 0.000820375 -0.000718707 24.204 0.479668
295 0.000810387 -0.000651224 24.2041 0.479406
296 0.000798974 -0.000587624 24.2041 0.479154
297 0.000786467 -0.000561468 24.2041 0.47891
298 0.000773142 -0.000547602 24.2041 0.478675
299 0.000759227 -0.000532754 24.2041 0.478448
300 0.000744904 -0.000516994 24.2041 0.478229
301 0.00073032 -0.000500409 24.2041 0.478017
302 0.000715592 -0.000483098 24.2041 0.477813
303 0.000700815 -0.000465169 24.2041 0.477615
304 0.000686065 -0.000446737 24.2041 0.477425
305 0.000671405 -0.000427921 24.2041 0.47724
306 0.00065689 -0.000408841 24.2041 0.477062
307 0.000642566 -0.000389611 24.2041 0.47689
308 0.00064133 -0.000370346 24.2041 0.476724
309 0.000657069 -0.000351151 24.2041 0.476563
310 0.000672196 -0.000332124 24.2041 0.476407
311 0.000686545 -0.000334919 24.2041 0.476256
312 0.000699937 -0.000354825 24.2041 0.47611
313 0.000712183 -0.000375336 24.2041 0.475969
314 0.000723086 -0.000396454 24.2041 0.475832
315 0.000732448 -0.000418175 24.2041 0.4757
316 0.000740074 -0.000440492 24.2041 0.475571
317 0.000745775 -0.000463392 24.2041 0.475447
318 0.000749374 -0.000486855 24.2041 0.475326
319 0.000750719 -0.000510852 24.2041 0.475209
320 0.000749681 -0.000535346 24.2041 0.475096
321 0.000746164 -0.000560287 24.2041 0.474986
322 0.000740114 -0.000585614 24.2042 0.474879
323 0.000731516 -0.00061125 24.2042 0.474775
324 0.000720405 -0.000637104 24.2042 0.474674
325 0.000706861 -0.000663068 24.2042 0.474576
326 0.000691013 -0.000689015 24.2042 0.47448
327 0.000673033 -0.000714799 24.2042 0.474388
328 0.000653131 -0.000740256 24.2042 0.474297
329 0.000631554 -0.0007652 24.2042 0.47421
330 0.00060857 -0.000789424 24.2042 0.474124
331 0.000584465 -0.000812701 24.2042 0.474041
332 0.000559534 -0.000834788 24.2042 0.47396
333 0.000534069 -0.000855423 24.2042 0.473882
334 0.000508354 -0.000874329 24.2042 0.473806
335 0.000482655 -0.000891222 24.2042 0.473732
336 0.000457219 -0.000905813 24.2042 0.47366
337 0.000459058 -0.000917816 24.2042 0.473591
338 0.000471186 -0.000926958 24.2042 0.473524
339 0.000482028 -0.000932986 24.2042 0.47346
340 0.000491334 -0.00093568 24.2042 0.473398
341 0.000498873 -0.000934865 24.2042 0.473339
342 0.000504439 -0.000930419 24.2042 0.473282
343 0.000507864 -0.000922286 24.2042 0.473229
344 0.000509023 -0.000910482 24.2042 0.473177
345 0.000507842 -0.000895098 24.2042 0.473129
346 0.000504302 -0.000876307 24.2042 0.473083
347 0.000498439 -0.000854352 24.2042 0.473041
348 0.000490344 -0.000829547 24.2042 0.473001
349 0.000480156 -0.000802259 24.2042 0.472964
350 0.000468056 -0.000772898 24.2042 0.47293
351 0.000454257 -0.000741902 24.2042 0.472899
352 0.000438998 -0.000709713 24.2042 0.47287
353 0.000422528 -0.000676772 24.2042 0.472845
354 0.000405101 -0.000643497 24.2042 0.472821
355 0.000386968 -0.000610272 24.2042 0.472801
356 0.000368366 -0.000577442 24.2042 0.472783
357 0.000349517 -0.000545305 24.2042 0.472768
358 0.000330619 -0.000528872 24.2042 0.472755
359 0.000311849 -0.000554085 24.2042 0.472744
360 0.000293358 -0.000582382 24.2042 0.472736
361 0.000275274 -0.000614201 24.2042 0.472729
362 0.000257701 -0.000650061 24.2042 0.472725
363 0.000246678 -0.000690569 24.2042 0.472723
364 0.000237535 -0.000736441 24.2042 0.472722
365 0.000228723 -0.000788524 24.2042 0.472724
366 0.000228076 -0.000847815 24.2042 0.472727
367 0.000245813 -0.000915486 24.2042 0.472732
368 0.000265934 -0.000992911 24.2042 0.472739
369 0.000288773 -0.00108168 24.2042 0.472747
370 0.000314681 -0.00118361 24.2042 0.472757
371 0.000344001 -0.00130071 24.2042 0.472768
372 0.00037702 -0.00143515 24.2042 0.47278
373 0.000413887 -0.00158905 24.2042 0.472794
374 0.000454482 -0.00176421 24.2042 0.472809
375 0.00049821 -0.00196162 24.2042 0.472824
376 0.000543716 -0.0021806 24.2042 0.472841
377 0.000588526 -0.00241768 24.2042 0.472859
378 0.000628699 -0.0026652 24.2042 0.472877
379 0.000658677 -0.00290998 24.2042 0.472896
380 0.000671633 -0.0031329 24.2042 0.472915
381 0.000660663 -0.00331027 24.2042 0.472934
382 0.000620852 -0.00341794 24.2042 0.472952
383 0.00055159 -0.00343741 24.2042 0.47297
384 0.000457895 -0.00336177 24.2042 0.472986
385 0.00042119 -0.00319837 24.2042 0.473001
386 0.0004467 -0.00296658 24.2042 0.473014
387 0.000456548 -0.00269204 24.2042 0.473026
388 0.000453322 -0.00240022 24.2042 0.473037
389 0.000440385 -0.00211187 24.2042 0.473047
390 0.000421042 -0.00184119 24.2042 0.473058
391 0.000398056 -0.00159608 24.2042 0.47307
392 0.000373483 -0.00137961 24.2042 0.473084
393 0.000348714 -0.0011916 24.2042 0.473099
394 0.000324613 -0.00103002 24.2042 0.473115
395 0.000301666 -0.000891981 24.2042 0.473134
396 0.000280104 -0.000774392 24.2042 0.473154
397 0.000260005 -0.00067427 24.2042 0.473177
398 0.000241354 -0.000588931 24.2042 0.4732
399 0.000224088 -0.000516042 24.2042 0.473226
400 0.000208124 -0.000453618 24.2042 0.473252
